0	1	0.29465	8.0906	1
10	1	1.0313	7.8519	1
10	2	0.27929	9.9891	1
20	1	1.7679	7.6132	1
20	2	1.0639	9.8588	1
30	1	2.5155	7.3641	1
30	2	1.8483	9.7287	1
40	1	3.2793	7.0987	1
40	2	2.6106	9.5674	1
50	1	4.0432	6.8335	1
50	2	3.3634	9.3932	1
60	1	4.8508	6.618	1
60	2	4.1119	9.2018	1
70	1	5.6771	6.4235	1
70	2	4.8211	8.8569	1
80	1	6.5034	6.229	1
80	2	5.5306	8.5123	1
80	3	0.078293	8.7521	0
90	1	7.3236	6.0479	1
90	2	6.2437	8.1507	1
90	3	0.65918	8.4562	0
100	1	8.1435	5.867	1
100	2	6.962	7.7638	1
100	3	1.2401	8.1603	0
110	1	8.9673	5.6925	1
110	2	7.6805	7.377	1
110	3	1.8279	7.8705	0
120	1	9.8237	5.5772	1
120	2	8.4194	7.0125	1
120	3	2.4437	7.6054	0
130	1	10.68	5.462	1
130	2	9.179	6.6701	1
130	3	3.0595	7.3402	0
140	1	11.527	5.3395	1
140	2	9.9466	6.3522	1
140	3	3.6865	7.077	0
150	1	12.333	5.1885	1
150	2	10.746	6.1326	1
150	3	4.3244	6.8159	0
160	1	13.14	5.0374	1
160	2	11.546	5.913	1
160	3	4.9623	6.555	0
170	1	13.952	4.8937	1
170	2	12.334	5.8405	1
170	3	5.5908	6.3006	0
180	1	14.782	4.7808	1
180	2	13.117	5.8309	1
180	3	6.1965	6.062	0
190	1	15.613	4.6677	1
190	2	13.897	5.8328	1
190	3	6.8024	5.8233	0
200	2	14.665	5.8806	0
200	3	7.4084	5.5846	0
210	2	15.433	5.9283	0
210	3	8.1176	5.3725	0
220	3	8.8271	5.1603	0
230	3	9.5364	4.9481	0
230	4	15.294	9.0972	0
240	4	14.615	9.1624	0
240	5	15.042	8.5691	0
250	4	13.936	9.2275	0
250	5	14.351	8.5803	0
260	4	13.24	9.3383	1
260	5	13.659	8.5918	1
270	4	12.529	9.4946	1
270	5	12.948	8.7729	1
280	4	11.818	9.6509	1
280	5	12.237	8.9538	1
290	4	11.139	9.8509	1
290	5	11.525	9.1342	1
300	4	10.483	10.08	1
300	5	10.804	9.3087	1
310	4	9.8296	10.307	1
310	5	10.084	9.4831	1
320	4	9.206	10.52	1
320	5	9.3876	9.6528	1
330	4	8.5823	10.732	1
330	5	8.7158	9.818	1
340	4	7.9472	10.913	1
340	5	8.0438	9.9834	1
350	4	7.2947	11.048	1
350	5	7.3831	10.136	1
360	4	6.6423	11.184	1
360	5	6.7237	10.287	1
370	4	6.0039	11.316	1
370	5	6.0641	10.438	1
380	4	5.3864	11.443	1
380	5	5.4098	10.607	1
390	4	4.7691	11.57	1
390	5	4.7557	10.777	1
400	4	4.1413	11.693	1
400	5	4.1024	10.947	1
410	4	3.4979	11.809	1
410	5	3.4542	11.109	1
420	4	2.8545	11.925	1
420	5	2.8059	11.271	1
430	4	2.2111	12.041	1
430	5	2.1585	11.42	1
440	4	1.573	12.163	1
440	5	1.5118	11.56	1
450	4	0.93573	12.285	1
450	5	0.86501	11.7	1
460	4	0.29823	12.408	0
460	5	0.21825	11.839	0
470	4	-0.33906	12.531	0
470	5	-0.42872	11.979	0
500	6	15.005	9.0144	0
510	6	14.576	8.9805	0
520	6	14.148	8.9464	0
530	6	13.712	8.9218	0
540	6	13.265	8.912	0
550	6	12.817	8.902	0
560	6	12.329	9.0044	0
570	6	11.84	9.1065	0
580	6	11.356	9.1965	0
590	6	10.892	9.2378	1
600	6	10.427	9.2789	1
610	6	9.9662	9.3256	1
610	7	11.282	8.0984	1
610	8	0.18268	11.741	0
620	6	9.5124	9.3853	1
620	7	10.821	8.2576	1
620	8	0.7804	11.617	0
630	6	9.0586	9.445	1
630	7	10.393	8.4455	1
630	8	1.3781	11.493	0
640	6	8.6051	9.5101	1
640	7	10.014	8.676	1
640	8	1.9689	11.41	0
650	6	8.1551	9.6254	1
650	7	9.6351	8.9068	1
650	8	2.5567	11.344	0
660	6	7.7051	9.7407	1
660	7	9.2527	9.1497	1
660	8	3.1446	11.278	0
670	6	7.2535	9.8516	1
670	7	8.8646	9.4106	1
670	8	3.7402	11.234	0
680	6	6.7951	9.9452	1
680	7	8.4765	9.6717	1
680	8	4.3377	11.196	0
680	9	15.115	9.1273	0
680	10	15.159	8.3889	0
680	12	10.43	6.3448	0
690	6	6.3365	10.039	1
690	7	8.0749	9.9342	1
690	8	4.935	11.157	0
690	9	14.45	9.261	2
690	10	14.472	8.5082	2
690	12	10.264	6.0049	0
700	6	5.8899	10.124	1
700	7	7.6188	10.203	1
700	8	5.4973	11.12	0
700	9	13.785	9.3946	2
700	10	13.784	8.6276	2
700	12	10.099	5.6648	0
710	6	5.4611	10.194	1
710	7	7.1628	10.471	1
710	8	6.0446	11.085	0
710	9	13.126	9.5335	2
710	10	13.097	8.7469	2
710	12	9.9327	5.325	0
720	6	5.0324	10.265	1
720	7	6.6543	10.666	1
720	8	6.5495	11.001	0
720	9	12.479	9.6805	2
720	10	12.438	8.8464	2
720	12	9.741	4.9204	0
730	6	4.5797	10.364	1
730	7	6.1327	10.842	1
730	8	7.0295	10.904	0
730	9	11.831	9.8273	2
730	10	11.784	8.9435	2
730	12	9.5235	4.451	0
740	6	4.1167	10.475	1
740	7	5.6129	10.986	1
740	8	7.4505	10.879	0
740	9	11.164	9.8934	2
740	10	11.122	9.0373	2
740	12	9.3061	3.9816	0
750	6	3.6537	10.587	1
750	7	5.0949	11.096	1
750	8	7.8878	10.834	0
750	9	10.493	9.9392	2
750	10	10.435	9.1168	2
750	11	0.088395	7.7039	0
750	12	9.1222	3.556	0
760	6	3.1759	10.682	1
760	7	4.5768	11.206	1
760	8	8.3912	10.71	0
760	9	9.8192	9.9934	2
760	10	9.7473	9.1963	2
760	11	0.6356	7.4414	0
760	12	8.9719	3.1742	0
770	6	2.6918	10.769	1
770	7	4.0885	11.133	1
770	8	8.8945	10.585	0
770	9	9.1399	10.08	2
770	10	9.067	9.2846	2
770	11	1.1828	7.1789	0
770	12	8.8214	2.7923	0
780	6	2.2078	10.857	1
780	7	3.6036	11.04	1
780	8	9.3867	10.366	0
780	9	8.4607	10.167	2
780	10	8.4152	9.4077	2
780	11	1.7332	6.9104	0
780	12	8.6712	2.4105	0
790	6	1.7679	10.989	1
790	7	3.1254	10.958	1
790	8	9.8778	10.136	0
790	9	7.8293	10.3	1
790	10	7.7634	9.5309	1
790	11	2.2968	6.6178	0
790	12	8.5209	2.1035	0
800	6	1.347	11.141	1
800	7	2.6519	10.883	1
800	8	10.38	9.8905	0
800	9	7.1979	10.432	1
800	10	7.1097	9.6598	1
800	11	2.8602	6.3252	0
800	12	8.3704	1.7969	0
810	6	0.92605	11.293	1
810	7	2.1783	10.808	1
810	8	10.923	9.5822	0
810	9	6.5564	10.585	1
810	10	6.439	9.8388	1
810	11	3.427	6.0388	0
810	12	8.2201	1.49	0
820	6	0.50049	11.416	1
820	7	1.694	10.74	1
820	8	11.467	9.2738	0
820	9	5.8909	10.785	1
820	10	5.768	10.018	1
820	11	4.0235	5.8068	0
820	12	8.0252	1.2911	0
830	6	0.06777	11.496	1
830	7	1.1933	10.682	1
830	8	12.02	9.0137	0
830	9	5.2256	10.985	1
830	10	5.0973	10.197	1
830	11	4.6197	5.5746	0
830	12	7.7857	1.2007	0
840	7	0.69285	10.624	0
840	8	12.576	8.7655	0
840	9	4.5658	11.186	1
840	10	4.4162	10.4	1
840	11	5.216	5.3426	0
840	12	7.5462	1.1102	0
850	7	0.19237	10.566	0
850	8	13.147	8.556	0
850	9	3.9277	11.387	1
850	10	3.7339	10.606	1
850	11	5.8484	5.1424	0
850	12	7.3391	1.1329	0
860	8	13.755	8.4366	0
860	9	3.2898	11.588	1
860	10	3.0517	10.811	1
860	11	6.5171	4.9739	0
860	12	7.1533	1.2312	0
870	8	14.363	8.3173	0
870	9	2.6519	11.79	1
870	10	2.4062	10.938	1
870	11	7.1855	4.8054	0
870	12	6.9677	1.3296	0
880	8	14.971	8.198	0
880	9	2.0352	11.956	1
880	10	1.761	11.066	1
880	11	7.8541	4.6467	0
880	12	6.8056	1.4754	0
890	9	1.4185	12.123	1
890	10	1.1155	11.193	1
890	11	8.5222	4.5751	0
890	12	6.7387	1.8117	0
890	13	15.111	8.7588	0
900	9	0.80166	12.289	1
900	10	0.53669	11.384	1
900	11	9.1904	4.5035	0
900	12	6.6717	2.1479	0
900	13	14.495	8.7758	0
910	9	0.185	12.456	1
910	10	-0.042093	11.575	1
910	11	9.8586	4.4319	0
910	12	6.7871	2.4097	0
910	13	13.879	8.7929	0
920	11	10.527	4.3648	0
920	12	6.9026	2.6716	0
920	13	13.255	8.8328	0
930	11	11.193	4.3384	0
930	12	7.018	2.9331	0
930	13	12.602	8.9645	0
940	11	11.86	4.3119	0
940	12	7.1655	3.1797	0
940	13	11.949	9.0963	0
950	11	12.526	4.2854	0
950	12	7.3166	3.4245	0
950	13	11.298	9.2462	0
960	11	13.136	4.372	0
960	12	7.4677	3.6692	0
960	13	10.653	9.4385	0
960	14	8.7671	7.0271	1
960	15	8.9797	6.5491	1
970	11	13.689	4.5718	0
970	12	7.6188	3.914	0
970	13	10.008	9.6311	0
970	14	8.3226	7.0538	1
970	15	8.6459	6.5142	1
970	16	0.47144	7.2266	0
980	11	14.242	4.7715	0
980	12	7.6313	4.1458	0
980	13	9.3619	9.8173	0
980	14	7.8783	7.0803	1
980	15	8.3123	6.4794	1
980	16	1.2039	6.9784	0
990	11	14.795	4.9713	0
990	12	7.6437	4.3773	0
990	13	8.712	9.9788	0
990	14	7.434	7.1068	1
990	15	7.9787	6.4443	1
990	16	1.9363	6.7302	2
1000	11	15.348	5.171	0
1000	12	7.6559	4.609	0
1000	13	8.0621	10.14	0
1000	14	6.8923	7.0923	1
1000	15	7.5582	6.4056	1
1000	16	2.6479	6.4006	2
1010	12	7.5599	4.8305	0
1010	13	7.4122	10.302	0
1010	14	6.3264	7.0677	1
1010	15	6.9352	6.3579	1
1010	16	3.3594	6.071	2
1010	17	0.015364	9.5454	2
1020	12	7.3915	5.0453	0
1020	13	6.7576	10.385	0
1020	14	5.7602	7.0429	1
1020	15	6.3123	6.3102	1
1020	16	4.0586	5.7102	2
1020	17	0.49291	9.3161	2
1030	12	7.2232	5.2601	0
1030	13	6.1018	10.45	0
1030	14	5.2233	7.0634	1
1030	15	5.7007	6.2393	1
1030	16	4.7565	5.346	2
1030	17	0.97067	9.0865	2
1040	12	7.0447	5.3403	1
1040	13	5.4447	10.535	0
1040	14	4.6896	7.0892	1
1040	15	5.0918	6.1624	1
1040	16	5.4885	5.0658	0
1040	17	1.4434	8.8404	0
1050	12	6.8595	5.3307	1
1050	13	4.7822	10.702	0
1050	14	4.1645	7.118	1
1050	15	4.4829	6.0858	1
1050	16	6.2207	4.7856	0
1050	17	1.9051	8.5555	0
1060	12	6.6743	5.3212	1
1060	13	4.1196	10.87	0
1060	14	3.7172	7.1777	1
1060	15	3.869	6.056	1
1060	16	7.0295	4.5999	0
1060	17	2.3667	8.2708	0
1070	13	3.4649	11.007	0
1070	14	3.27	7.2374	1
1070	15	3.2553	6.0262	1
1070	16	7.8714	4.4546	0
1070	17	2.8446	7.9977	0
1080	13	2.8179	11.114	0
1080	14	2.9231	7.3419	1
1080	15	2.6794	6.0472	1
1080	16	8.7202	4.3555	0
1080	17	3.3874	7.7715	0
1090	13	2.1709	11.22	0
1090	14	2.619	7.4655	0
1090	15	2.1289	6.1023	0
1090	16	9.5797	4.3257	0
1090	17	3.9334	7.6094	0
1100	13	1.4996	11.342	0
1100	14	2.3151	7.5894	0
1100	15	1.5785	6.1574	0
1100	16	10.439	4.2959	0
1100	17	4.4873	7.597	0
1110	13	0.82208	11.469	0
1110	15	1.1786	6.229	0
1110	16	11.281	4.2863	0
1110	17	5.0413	7.5844	0
1120	13	0.14459	11.596	0
1120	15	0.77872	6.3006	0
1120	16	12.123	4.2768	0
1130	16	12.965	4.2672	0
1130	18	15.426	8.3929	0
1140	18	14.639	8.4724	1
1140	21	1.1359	7.6524	0
1150	18	13.852	8.5519	1
1150	21	1.5515	7.8054	0
1160	18	13.064	8.6316	1
1160	19	12.242	7.4911	1
1160	21	1.967	7.9583	0
1170	18	12.27	8.7987	1
1170	19	11.891	7.5199	1
1170	21	2.3827	8.1113	0
1180	18	11.475	8.9753	1
1180	19	11.54	7.5488	1
1180	21	2.8133	8.2672	0
1190	18	10.682	9.1349	1
1190	19	11.19	7.5779	1
1190	21	3.3043	8.4342	0
1200	18	9.8984	9.2254	1
1200	19	10.763	7.6335	1
1200	20	11.991	8.1612	1
1200	21	3.7953	8.6013	0
1210	18	9.1146	9.3158	1
1210	19	10.285	7.7068	1
1210	20	11.435	8.2758	1
1210	21	4.2813	8.7538	0
1220	18	8.3304	9.418	1
1220	19	9.8077	7.7803	1
1220	20	10.879	8.3903	1
1220	21	4.747	8.8478	0
1230	18	7.5452	9.5464	1
1230	19	9.1679	7.9617	1
1230	20	10.358	8.4927	1
1230	21	5.2126	8.9419	0
1230	25	3.8494	4.5901	0
1240	18	6.7599	9.6748	1
1240	19	8.528	8.1431	1
1240	20	9.8512	8.5901	1
1240	21	5.6781	9.0359	0
1240	25	4.0392	4.6684	0
1250	18	5.9804	9.8163	1
1250	19	7.9922	8.4409	1
1250	20	9.3447	8.6872	1
1250	21	6.2338	9.1796	0
1250	25	4.2289	4.7467	0
1260	18	5.2033	9.9631	1
1260	19	7.5601	8.8555	1
1260	20	8.7659	8.7349	1
1260	21	6.7401	9.3089	0
1260	25	4.4187	4.8247	0
1270	18	4.4263	10.104	1
1270	19	7.0205	9.1715	1
1270	20	8.1871	8.7827	1
1270	21	7.1085	9.3925	0
1270	25	4.6086	4.903	0
1280	18	3.6503	10.194	1
1280	19	6.4091	9.4213	1
1280	20	7.6839	8.8242	1
1280	21	7.5035	9.4851	0
1280	25	4.7982	4.9813	0
1290	18	2.8741	10.283	1
1290	19	5.7745	9.6757	1
1290	20	7.1804	8.8657	1
1290	21	7.9611	9.5994	0
1290	25	4.988	5.0596	0
1300	18	2.0981	10.373	1
1300	19	5.1168	9.9342	1
1300	20	6.6665	8.9676	1
1300	21	8.4186	9.7135	0
1300	25	5.2254	5.1002	0
1310	18	1.3211	10.506	1
1310	19	4.465	10.197	1
1310	20	6.1479	9.0956	1
1310	21	8.7987	9.7135	0
1310	22	14.781	5.8827	1
1310	23	14.939	5.1551	1
1310	24	14.936	4.4126	1
1310	25	5.4626	5.1407	0
1320	18	0.54405	10.643	1
1320	19	3.866	10.5	1
1320	20	5.6291	9.2232	1
1320	21	9.179	9.7135	0
1320	22	14.322	5.8522	1
1320	23	14.5	5.1551	1
1320	24	14.479	4.3987	1
1320	25	5.7	5.1815	0
1330	18	-0.2332	10.781	1
1330	19	3.267	10.803	1
1330	20	5.0545	9.408	1
1330	21	9.5591	9.7135	0
1330	22	13.863	5.8214	1
1330	23	14.06	5.1551	1
1330	24	14.022	4.3851	1
1330	25	5.9374	5.2221	0
1340	19	2.6765	11.014	1
1340	20	4.4736	9.5989	1
1340	21	9.8062	9.6173	0
1340	22	13.405	5.7908	1
1340	23	13.621	5.1551	1
1340	24	13.565	4.3715	1
1340	25	6.1753	5.2911	0
1350	19	2.0941	11.133	1
1350	20	3.9147	9.7476	1
1350	21	10.039	9.5101	0
1350	22	12.965	5.7894	1
1350	23	13.176	5.1663	1
1350	24	13.126	4.3472	1
1350	25	6.4143	5.4269	0
1360	19	1.5118	11.253	1
1360	20	3.3885	9.8328	1
1360	21	10.271	9.4032	0
1360	22	12.544	5.8171	1
1360	23	12.731	5.1803	1
1360	24	12.695	4.3181	1
1360	25	6.6536	5.5624	0
1370	19	0.95972	11.375	1
1370	20	2.8623	9.918	1
1370	22	12.123	5.845	1
1370	23	12.285	5.1944	1
1370	24	12.263	4.289	1
1370	25	6.8927	5.698	0
1370	26	6.3674	0.49092	0
1380	19	0.43777	11.499	1
1380	20	2.3296	10.021	1
1380	22	11.702	5.8727	1
1380	23	11.849	5.1894	1
1380	24	11.832	4.2598	1
1380	25	7.1318	5.8336	0
1380	26	6.3899	1.1386	0
1390	19	-0.084186	11.623	0
1390	20	1.7925	10.136	0
1390	22	11.277	5.8851	1
1390	23	11.428	5.1565	1
1390	24	11.459	4.1197	1
1390	25	7.361	5.9426	0
1390	26	6.4125	1.7866	0
1400	20	1.2556	10.252	0
1400	22	10.834	5.8362	1
1400	23	11.007	5.1233	1
1400	24	11.126	3.9059	1
1400	25	7.589	6.0486	0
1400	26	6.4276	2.3818	0
1410	20	0.73957	10.392	0
1410	22	10.392	5.7873	1
1410	23	10.586	5.0901	1
1410	24	10.792	3.6918	1
1410	25	7.8171	6.1548	0
1410	26	6.4396	2.9546	0
1420	20	0.23256	10.544	0
1420	22	9.9491	5.7383	1
1420	23	10.182	5.0309	1
1420	24	10.423	3.5245	1
1420	25	8.0215	6.2517	0
1420	26	6.4516	3.5274	0
1430	20	-0.27466	10.696	0
1430	22	9.5202	5.6713	1
1430	23	9.7824	4.9653	1
1430	24	10.039	3.377	1
1430	25	8.1711	6.3271	0
1430	26	6.4613	4.0847	0
1440	22	9.1235	5.5622	1
1440	23	9.3825	4.8997	1
1440	24	9.6553	3.2295	1
1440	25	8.3205	6.4023	0
1440	26	6.4613	4.5804	0
1450	22	8.7265	5.4531	1
1450	23	8.9827	4.8341	1
1450	24	9.2321	3.1353	1
1450	25	8.4702	6.4777	0
1450	26	6.4613	5.0761	0
1460	22	8.3296	5.3438	1
1460	23	8.579	4.767	1
1460	24	8.7164	3.1651	1
1460	25	8.611	6.546	0
1460	26	6.4613	5.5718	0
1470	22	7.9381	5.3035	1
1470	23	8.174	4.6997	1
1470	24	8.2008	3.1949	1
1470	25	8.7431	6.6071	0
1470	26	6.4787	6.0639	0
1480	22	7.5479	5.2801	1
1480	23	7.7693	4.6324	1
1480	24	7.6851	3.2248	1
1480	25	8.8753	6.6682	0
1480	26	6.5366	6.5469	0
1490	22	7.1579	5.257	1
1490	23	7.3646	4.5651	1
1490	24	7.172	3.2696	1
1490	25	9.0075	6.729	1
1490	26	6.5945	7.0302	0
1500	22	6.7677	5.2336	1
1500	23	6.9104	4.5302	1
1500	24	6.6648	3.3491	1
1500	25	9.1005	6.7808	1
1500	26	6.6524	7.5137	0
1510	22	6.3304	5.2016	1
1510	23	6.4508	4.4987	1
1510	24	6.1574	3.4288	1
1510	25	9.038	6.7949	1
1510	26	6.7444	7.9712	0
1520	22	5.8726	5.1658	1
1520	23	5.9911	4.4672	1
1520	24	5.6501	3.5083	1
1520	25	8.9753	6.8092	1
1520	26	6.9167	8.3691	0
1530	22	5.4148	5.13	1
1530	23	5.5346	4.4372	1
1530	24	5.189	3.556	1
1530	25	8.9128	6.8233	1
1530	26	7.0889	8.7667	0
1540	22	4.9571	5.0942	1
1540	23	5.108	4.4178	1
1540	24	4.7967	3.556	1
1540	25	8.8501	6.8376	1
1540	26	7.261	9.1645	0
1550	22	4.5216	5.0718	1
1550	23	4.6814	4.3985	1
1550	24	4.4044	3.556	1
1550	25	8.7873	6.8519	1
1550	26	7.405	9.5037	0
1560	22	4.0957	5.0551	1
1560	23	4.2548	4.3792	1
1560	24	4.0123	3.556	1
1560	25	8.7248	6.866	1
1560	26	7.549	9.8428	0
1560	27	9.7664	9.2168	0
1560	28	0.84418	7.509	0
1570	22	3.6699	5.0386	1
1570	23	3.8281	4.3572	1
1570	24	3.62	3.556	1
1570	25	8.6621	6.8803	1
1570	26	7.6931	10.182	0
1570	27	9.7689	9.1686	0
1570	28	1.049	7.3519	0
1580	22	3.2441	5.0219	1
1580	23	3.4015	4.3314	1
1580	24	3.0964	3.5283	1
1580	25	8.5996	6.8944	1
1580	26	7.8293	10.523	0
1580	27	9.7713	9.1204	0
1580	28	1.254	7.1949	0
1590	22	2.812	5.0049	1
1590	23	2.9749	4.3057	1
1590	24	2.5725	3.5004	1
1590	25	8.4567	6.8577	0
1590	26	7.9345	10.869	0
1590	27	9.7736	9.0719	0
1590	28	1.4589	7.0378	0
1600	22	2.3705	4.9875	1
1600	23	2.5483	4.2796	1
1600	24	2.0489	3.4727	1
1600	25	8.294	6.808	0
1600	26	8.0398	11.216	0
1600	27	9.7759	9.0237	0
1600	28	1.6637	6.881	0
1610	22	1.9291	4.9699	1
1610	23	2.1356	4.3026	1
1610	24	1.5252	3.4451	1
1610	25	8.1311	6.7586	0
1610	26	8.145	11.563	0
1610	27	9.7784	8.9755	0
1610	28	1.9672	6.7598	0
1620	22	1.4876	4.9524	1
1620	23	1.7285	4.3465	1
1620	24	1.0401	3.5014	1
1620	25	7.9682	6.709	0
1620	26	8.2502	11.909	0
1620	27	9.7807	8.9273	0
1620	28	2.2953	6.6474	0
1620	29	14.935	5.855	0
1630	22	1.0622	4.9648	1
1630	23	1.3217	4.3901	1
1630	24	0.57162	3.5937	1
1630	25	7.8055	6.6596	0
1630	26	8.326	12.191	0
1630	27	9.783	8.8789	0
1630	28	2.6234	6.535	0
1630	29	14.156	5.8949	0
1640	22	0.67412	5.0469	1
1640	23	0.91489	4.4338	1
1640	24	0.10313	3.6861	0
1640	25	7.6954	6.5553	2
1640	26	8.4018	12.472	0
1640	27	9.7854	8.8307	2
1640	28	2.9676	6.4756	0
1640	29	13.377	5.9348	0
1650	22	0.28602	5.129	1
1650	23	0.50785	4.4777	1
1650	25	7.638	6.3961	2
1650	26	8.4775	12.754	0
1650	27	9.6749	8.6051	2
1650	28	3.3359	6.4956	0
1650	29	12.604	6.0059	0
1660	22	-0.10187	5.2109	1
1660	23	0.10102	4.5214	1
1660	25	7.5805	6.2369	2
1660	26	8.5533	13.036	0
1660	27	9.4511	8.2025	2
1660	28	3.7042	6.5154	0
1660	29	11.854	6.203	0
1670	25	7.5466	6.0603	2
1670	26	8.6291	13.317	0
1670	27	9.1853	7.656	2
1670	28	4.0725	6.5352	0
1670	29	11.104	6.4001	0
1680	25	7.6068	5.813	2
1680	27	8.9734	7.0655	2
1680	28	4.5077	6.5787	0
1680	29	10.36	6.6727	0
1690	25	7.667	5.5658	1
1690	27	8.8204	6.4472	1
1690	28	4.9596	6.6278	0
1690	29	9.601	6.9471	0
1700	25	7.7077	5.3142	1
1700	27	8.6897	5.856	1
1700	28	5.4115	6.6767	0
1700	29	8.7783	7.1968	0
1710	25	7.7194	5.0555	1
1710	27	8.6108	5.329	1
1710	28	5.8377	6.6944	0
1710	29	7.9556	7.4462	0
1720	25	7.731	4.7971	1
1720	27	8.5318	4.8021	1
1720	28	6.2258	6.6646	0
1720	29	7.0963	7.665	0
1730	25	7.7428	4.5386	1
1730	27	8.4744	4.3944	1
1730	28	6.6139	6.6347	0
1730	29	6.2367	7.8836	0
1740	25	7.6483	4.4009	0
1740	27	8.4194	4.0002	0
1740	28	6.9841	6.5756	0
1740	29	5.4159	8.0295	0
1750	25	7.5273	4.2935	0
1750	27	8.406	3.6992	0
1750	28	7.2827	6.3985	0
1750	29	4.621	8.1268	0
1760	25	7.4063	4.1861	0
1760	27	8.4201	3.4606	0
1760	28	7.5816	6.2214	0
1760	29	3.8258	8.224	0
1770	25	7.2852	4.0787	0
1770	27	8.434	3.2219	0
1770	28	7.8802	6.0443	0
1770	29	3.0391	8.2767	0
1780	29	2.2534	8.3245	0
1780	30	12.813	9.1621	0
1780	31	1.7843	11.06	0
1790	30	12.238	9.3929	0
1790	31	2.4001	10.857	0
1790	32	6.6347	6.0152	0
1800	30	11.663	9.6235	0
1800	31	3.016	10.654	0
1800	32	6.5168	6.5498	0
1810	30	11.091	9.8612	0
1810	31	3.5914	10.45	0
1810	32	6.399	7.0844	0
1820	30	10.527	10.115	0
1820	31	4.1401	10.245	0
1820	32	6.286	7.6223	0
1830	30	9.9638	10.369	0
1830	31	4.689	10.041	0
1830	32	6.2157	8.1906	0
1840	30	9.3979	10.622	1
1840	31	5.3214	9.8994	0
1840	32	6.1456	8.7588	1
1850	30	8.8227	10.869	1
1850	31	5.9749	9.7738	0
1850	32	5.9027	9.1626	1
1860	30	8.2475	11.115	1
1860	31	6.6086	9.6586	0
1860	32	5.4369	9.5901	1
1870	30	7.6755	11.334	1
1870	31	7.24	9.5442	0
1870	32	4.891	10.011	1
1880	30	7.1169	11.445	1
1880	31	7.8583	9.3652	0
1880	32	4.3602	10.416	1
1890	30	6.5585	11.555	1
1890	31	8.4679	9.1431	0
1890	32	3.8263	10.787	1
1900	30	6.0119	11.586	1
1900	31	9.0776	8.9209	0
1900	32	3.279	11.026	1
1910	30	5.4734	11.565	1
1910	31	9.7437	8.6939	0
1910	32	2.736	11.228	1
1920	30	4.9348	11.544	1
1920	31	10.434	8.4648	0
1920	32	2.2099	11.283	1
1930	30	4.4038	11.513	1
1930	31	11.128	8.2762	0
1930	32	1.6837	11.338	1
1940	30	3.9022	11.443	1
1940	31	11.837	8.2498	0
1940	32	1.2782	11.328	1
1950	30	3.4009	11.373	1
1950	31	12.547	8.2233	0
1950	32	0.95278	11.273	1
1960	30	2.8994	11.303	1
1960	31	13.243	8.2027	0
1960	32	0.62761	11.219	1
1970	30	2.3865	11.393	1
1970	31	13.925	8.1882	0
1980	30	1.8704	11.524	1
1980	31	14.608	8.1736	0
1990	30	1.3543	11.655	0
1990	31	15.29	8.1593	0
2000	30	0.85196	11.748	0
2010	30	0.35527	11.824	0
2020	30	-0.14143	11.901	0
2040	33	0.14585	10.352	0
2050	33	0.76273	10.294	0
2060	33	1.3796	10.237	0
2070	33	1.9965	10.154	0
2080	33	2.6133	9.9736	0
2090	33	3.2302	9.7925	1
2100	33	3.8254	9.6187	1
2110	33	4.3697	9.4624	1
2110	34	15.261	8.654	0
2110	35	0.18247	8.361	1
2120	33	4.9139	9.3061	1
2120	34	14.301	8.8202	0
2120	35	0.63834	8.3214	1
2130	33	5.4447	9.1254	1
2130	34	13.34	8.986	0
2130	35	1.0944	8.2815	1
2140	33	5.9549	8.9085	1
2140	34	12.398	9.161	0
2140	35	1.56	8.2278	1
2150	33	6.4651	8.6915	1
2150	34	11.475	9.3445	0
2150	35	2.0402	8.1533	1
2150	36	14.859	6.125	0
2160	33	6.9759	8.4836	1
2160	34	10.552	9.528	0
2160	35	2.5203	8.0786	1
2160	36	14.227	6.2018	0
2170	33	7.4909	8.3581	1
2170	34	9.6191	9.6495	0
2170	35	2.993	8.024	1
2170	36	13.596	6.2784	0
2180	33	8.0059	8.2326	1
2180	34	8.6846	9.764	0
2180	35	3.4367	8.0498	1
2180	36	12.975	6.3436	0
2190	33	8.5211	8.1068	1
2190	34	7.767	9.8939	0
2190	35	3.8801	8.0753	1
2190	36	12.369	6.3913	0
2200	33	9.0165	7.9968	1
2200	34	6.8746	10.047	0
2200	35	4.3324	8.1109	1
2200	36	11.762	6.439	0
2200	37	6.0027	12.44	0
2210	33	9.4665	7.9228	1
2210	34	5.9823	10.199	0
2210	35	4.798	8.1614	1
2210	36	11.103	6.4868	0
2210	37	6.0244	12.111	0
2220	33	9.9165	7.8486	1
2220	34	5.128	10.363	0
2220	35	5.2635	8.212	1
2220	36	10.438	6.5345	0
2220	37	6.0462	11.782	0
2230	33	10.395	7.7636	1
2230	34	4.2781	10.528	0
2230	35	5.7295	8.2505	1
2230	36	9.7586	6.5911	0
2230	37	6.0723	11.445	0
2240	33	10.916	7.6622	1
2240	34	3.4253	10.701	0
2240	35	6.1997	8.1789	1
2240	36	9.0569	6.6605	0
2240	37	6.1085	11.091	0
2250	33	11.437	7.5607	1
2250	34	2.566	10.89	0
2250	35	6.6696	8.1073	1
2250	36	8.3555	6.7302	0
2250	37	6.1449	10.737	0
2260	33	11.958	7.4593	1
2260	34	1.7065	11.079	0
2260	35	7.143	8.035	1
2260	36	7.7241	6.8596	0
2260	37	6.175	10.379	0
2260	38	0.065034	10.136	0
2270	33	12.487	7.3985	1
2270	34	0.79977	11.265	0
2270	35	7.6468	7.9552	1
2270	36	7.0927	6.9887	0
2270	37	6.1961	10.012	0
2270	38	0.88858	9.9698	0
2280	33	13.029	7.3985	1
2280	34	-0.11218	11.45	0
2280	35	8.1507	7.8758	1
2280	36	6.4468	7.123	0
2280	37	6.2171	9.6466	0
2280	38	1.7121	9.8037	0
2290	33	13.571	7.3985	1
2290	35	8.6545	7.7963	1
2290	36	5.7909	7.2607	0
2290	37	6.2327	9.2805	0
2290	38	2.513	9.7039	0
2300	33	14.106	7.4109	1
2300	35	9.1376	7.6204	1
2300	36	5.1353	7.3985	0
2300	37	6.2403	8.9139	0
2300	38	3.2986	9.6483	0
2310	33	14.572	7.5354	1
2310	35	9.6153	7.4204	1
2310	36	4.504	7.5087	0
2310	37	6.2479	8.5474	0
2310	38	4.0845	9.5925	0
2320	33	15.039	7.66	1
2320	35	10.093	7.2204	1
2320	36	3.8726	7.6187	0
2320	37	6.2129	8.2147	0
2320	38	4.8908	9.4963	0
2330	35	10.571	7.0192	1
2330	36	3.225	7.7252	0
2330	37	6.1498	7.9044	0
2330	38	5.7108	9.3726	0
2340	35	11.052	6.808	1
2340	36	2.5532	7.8261	0
2340	37	6.0867	7.5942	0
2340	38	6.5309	9.2493	1
2350	35	11.533	6.5966	1
2350	36	1.8811	7.9271	0
2350	37	5.9802	7.2553	0
2350	38	7.3882	9.1505	1
2360	35	12.015	6.3851	1
2360	36	1.2354	8.0464	0
2360	37	5.8448	6.8973	0
2360	38	8.2612	9.0619	1
2370	35	12.497	6.1522	1
2370	36	0.59625	8.17	0
2370	37	5.7097	6.5393	0
2370	38	9.1342	8.9736	1
2380	35	12.98	5.9047	1
2380	36	-0.042935	8.2939	0
2380	37	5.7057	6.2569	0
2380	38	9.9409	8.8781	1
2390	35	13.463	5.6572	1
2390	37	5.7348	5.9937	0
2390	38	10.748	8.7827	1
2400	35	13.952	5.4453	1
2400	37	5.7638	5.7302	0
2400	38	11.555	8.6872	1
2410	35	14.441	5.2374	1
2410	38	12.349	8.5354	1
2420	35	14.929	5.0295	1
2420	38	13.142	8.3834	1
2440	39	8.6619	6.2741	0
2440	40	14.886	6.5631	1
2440	41	15.281	9.0213	1
2450	39	9.2464	6.3801	0
2450	40	14.182	6.8018	1
2450	41	14.506	9.0213	1
2460	39	9.831	6.4863	0
2460	40	13.477	7.0405	1
2460	41	13.732	9.0213	1
2470	39	10.403	6.5667	0
2470	40	12.735	7.24	1
2470	41	12.958	9.0213	1
2480	39	10.961	6.6219	0
2480	40	11.989	7.4354	1
2480	41	12.151	9.1963	1
2490	39	11.52	6.677	0
2490	40	11.28	7.6123	1
2490	41	11.34	9.3908	1
2500	39	11.814	6.7572	0
2500	40	10.587	7.7813	1
2500	41	10.535	9.5982	1
2510	39	12.08	6.8402	0
2510	40	9.8927	7.934	1
2510	41	9.7551	9.8566	1
2520	40	9.194	8.0486	1
2520	41	8.9747	10.115	1
2530	40	8.4952	8.1631	1
2530	41	8.2258	10.381	1
2540	40	7.7592	8.2099	0
2540	41	7.485	10.648	0
2550	40	7.0137	8.2397	0
2550	41	6.7585	10.934	0
2560	40	6.3055	8.2958	0
2560	41	6.0658	11.262	0
2570	40	5.6531	8.3913	0
2570	41	5.373	11.59	0
2570	42	14.694	8.6493	0
2580	40	5.0007	8.4867	0
2580	41	4.7203	11.889	0
2580	42	13.986	8.5734	0
2590	40	4.3055	8.5474	0
2590	41	4.0721	12.185	0
2590	42	13.267	8.556	0
2600	40	3.5463	8.556	0
2600	41	3.4411	12.499	0
2600	42	12.521	8.6753	0
2610	40	2.7872	8.5645	0
2610	41	2.836	12.839	0
2610	42	11.773	8.7939	0
2620	40	2.0565	8.6605	0
2620	41	2.2309	13.179	0
2620	42	11.016	8.9051	0
2630	40	1.3445	8.8149	0
2630	41	1.6258	13.519	0
2630	42	10.258	9.0166	0
2640	40	0.63266	8.9693	0
2640	41	1.0208	13.859	0
2640	42	9.5038	9.1254	0
2650	40	-0.079135	9.1237	0
2650	42	8.7798	9.2113	0
2660	42	8.0558	9.2972	0
2670	42	7.3172	9.3953	0
2680	42	6.5688	9.5013	0
2690	42	5.8206	9.6075	0
2730	43	15.235	9.0471	0
2730	44	10.049	6.8925	0
2740	43	14.514	9.0378	0
2740	44	9.9998	7.155	0
2750	43	13.793	9.0287	0
2750	44	9.9508	7.4175	0
2760	43	13.083	9.05	0
2760	44	9.9018	7.6801	0
2770	43	12.409	9.1932	0
2770	44	9.8407	7.9982	0
2780	43	11.736	9.3364	0
2780	44	9.7765	8.3302	0
2790	43	11.073	9.602	0
2790	44	9.706	8.5877	0
2800	43	10.415	9.9204	0
2800	44	9.6288	8.7707	0
2810	43	9.7521	10.21	1
2810	44	9.5515	8.9538	1
2820	43	9.0755	10.431	1
2820	44	9.3621	9.0867	1
2830	43	8.399	10.653	1
2830	44	9.0601	9.1698	1
2840	43	7.7451	10.9	1
2840	44	8.7817	9.2302	1
2840	45	-0.038094	13.279	0
2850	43	7.1137	11.173	1
2850	44	8.5975	9.2003	1
2850	45	0.57331	12.995	0
2860	43	6.4823	11.445	0
2860	44	8.4133	9.1705	0
2860	45	1.1847	12.71	0
2870	43	5.868	11.688	0
2870	44	8.2292	9.1407	0
2870	45	1.8277	12.425	0
2880	43	5.2608	11.917	0
2880	44	8.0669	9.018	0
2880	45	2.4843	12.138	0
2890	43	4.649	12.141	0
2890	44	7.9044	8.8951	0
2890	45	3.1376	11.856	0
2900	43	3.995	12.312	0
2900	44	7.7422	8.7724	0
2900	45	3.7774	11.588	0
2910	43	3.3411	12.482	0
2910	44	7.6733	8.6514	0
2910	45	4.4172	11.321	0
2920	43	2.6961	12.653	0
2920	44	7.698	8.5321	0
2920	45	5.1337	11.094	0
2930	43	2.072	12.826	0
2930	44	7.7228	8.4128	0
2930	45	5.8829	10.884	0
2940	43	1.4478	12.999	0
2940	44	7.7476	8.2934	0
2940	45	6.6139	10.674	0
2950	43	0.82376	13.172	0
2950	45	7.2716	10.465	0
2950	46	15.113	7.6555	0
2960	46	14.465	7.7106	1
2960	47	14.691	8.3063	1
2960	48	14.707	9.007	1
2970	46	13.818	7.7655	1
2970	47	14.104	8.3562	1
2970	48	14.11	8.9784	1
2980	46	13.166	7.844	1
2980	47	13.515	8.4128	1
2980	48	13.512	8.9497	1
2990	46	12.503	7.9765	1
2990	47	12.912	8.5321	1
2990	48	12.99	9.0645	1
3000	46	11.841	8.1092	1
3000	47	12.309	8.6514	1
3000	48	12.467	9.1796	1
3010	46	11.213	8.2493	1
3010	47	11.697	8.8314	1
3010	48	11.92	9.3376	1
3010	49	8.8913	8.4815	0
3020	46	10.609	8.3946	1
3020	47	11.084	9.0182	1
3020	48	11.315	9.596	1
3020	49	9.199	8.3347	0
3030	46	9.9941	8.5419	1
3030	47	10.435	9.2075	1
3030	48	10.71	9.8547	1
3030	49	9.5065	8.1879	0
3040	46	9.3533	8.6937	1
3040	47	9.7614	9.3984	1
3040	48	10.113	10.06	1
3040	49	9.8618	8.1197	0
3040	50	0.11155	10.188	0
3050	46	8.7124	8.8476	1
3050	47	9.0938	9.5903	1
3050	48	9.5166	10.258	1
3050	49	10.264	8.1299	0
3050	50	0.46934	9.9736	0
3060	46	8.0726	9.0194	1
3060	47	8.4792	9.7908	1
3060	48	8.9153	10.434	1
3060	49	10.662	8.1366	0
3060	50	0.82713	9.7588	0
3070	46	7.4328	9.1913	1
3070	47	7.8647	9.9913	1
3070	48	8.3092	10.587	1
3070	49	11.037	8.128	0
3070	50	1.1849	9.544	0
3080	46	6.7747	9.366	1
3080	47	7.2349	10.197	1
3080	48	7.703	10.74	1
3080	49	11.413	8.1194	0
3080	50	1.5473	9.3595	0
3090	46	6.1043	9.5428	1
3090	47	6.5951	10.407	1
3090	48	7.0173	10.886	1
3090	49	11.845	8.1362	0
3090	50	1.9102	9.1786	0
3100	46	5.434	9.7197	1
3100	47	5.9545	10.607	1
3100	48	6.3316	11.032	1
3100	49	12.362	8.1903	0
3100	50	2.273	8.9975	0
3100	52	0.11828	12.916	0
3110	46	4.7851	9.8524	1
3110	47	5.3054	10.706	1
3110	48	5.6459	11.179	1
3110	49	12.826	8.2638	0
3110	50	2.5923	8.8906	0
3110	51	14.783	8.3292	0
3110	52	0.44198	12.852	0
3120	46	4.1386	9.9803	1
3120	47	4.6565	10.805	1
3120	48	4.9933	11.345	1
3120	49	13.081	8.4147	0
3120	50	2.9116	8.7834	0
3120	51	13.606	7.9767	0
3120	52	0.76567	12.788	0
3130	46	3.4899	10.106	1
3130	47	3.9953	10.877	1
3130	48	4.3444	11.514	1
3130	49	13.327	8.4858	0
3130	50	3.2189	8.681	0
3130	51	12.602	7.1689	0
3130	52	1.0767	12.747	0
3140	46	2.8211	10.208	1
3140	47	3.3289	10.937	1
3140	48	3.7042	11.65	1
3140	49	13.555	8.3712	0
3140	50	3.4156	8.6194	0
3140	51	11.744	6.956	0
3140	52	1.3823	12.716	0
3150	46	2.152	10.31	1
3150	47	2.6752	11.005	1
3150	48	3.0728	11.752	1
3150	49	13.782	8.2567	0
3150	50	3.6126	8.5579	0
3150	51	11.043	6.9393	0
3150	52	1.6877	12.685	0
3160	46	1.4943	10.43	1
3160	47	2.0516	11.093	1
3160	48	2.4372	11.852	1
3160	49	13.629	8.186	0
3160	50	3.8094	8.4963	0
3160	51	10.437	7.0097	0
3160	52	1.9399	12.641	0
3170	46	0.86291	10.592	1
3170	47	1.428	11.182	1
3170	48	1.7953	11.947	1
3170	49	13.38	8.1264	0
3170	50	3.8589	8.4879	0
3170	51	10.423	7.1419	0
3170	52	2.156	12.588	0
3180	46	0.23151	10.754	1
3180	47	0.82986	11.272	1
3180	48	1.1576	12.057	1
3180	49	13.131	8.0667	0
3180	50	3.9085	8.4793	0
3180	51	10.476	7.281	0
3180	52	2.3724	12.535	0
3190	46	-0.39988	10.916	1
3190	47	0.24856	11.363	1
3190	48	0.52616	12.187	1
3190	49	12.882	8.007	0
3190	50	3.958	8.471	0
3190	51	10.802	7.5068	0
3190	52	2.5887	12.482	0
3200	47	-0.33275	11.453	1
3200	48	-0.10523	12.317	1
3200	49	12.634	7.9474	0
3200	50	4.0075	8.4626	0
3200	51	11.428	7.6879	0
3200	52	2.7382	12.374	0
3200	53	14.702	9.0633	0
3210	50	4.0569	8.4543	0
3210	51	12.165	7.3448	0
3210	52	2.8874	12.266	0
3210	53	14.045	9.0495	0
3220	50	4.1066	8.4457	0
3220	51	12.733	7.1798	0
3220	52	3.0368	12.159	0
3220	53	13.343	9.1567	0
3230	50	4.1561	8.4373	0
3230	51	13.187	7.1335	0
3230	52	3.17	12	0
3230	53	12.622	9.3156	0
3240	50	4.2055	8.429	0
3240	51	13.642	7.0875	0
3240	52	3.3016	11.836	0
3240	53	11.954	9.5101	0
3250	50	4.3987	8.3803	0
3250	51	13.965	7.1612	0
3250	52	3.4331	11.672	0
3250	53	11.323	9.728	0
3260	50	4.7355	8.2918	0
3260	51	14.156	7.3553	0
3260	52	3.54	11.494	0
3260	53	10.689	9.9464	0
3270	50	5.0722	8.203	0
3270	51	14.347	7.549	0
3270	52	3.6362	11.31	0
3270	53	10.049	10.166	0
3280	50	5.409	8.1144	0
3280	51	14.537	7.7431	0
3280	52	3.7324	11.126	0
3280	53	9.4095	10.386	0
3290	50	5.8417	7.9951	0
3290	52	3.8357	10.941	0
3290	53	8.7471	10.62	0
3300	50	6.2742	7.8758	0
3300	52	3.9673	10.755	0
3300	53	8.0791	10.859	0
3310	50	6.7069	7.7564	1
3310	52	4.0988	10.568	1
3310	53	7.4162	11.078	0
3320	50	7.1886	7.6371	1
3320	52	4.2303	10.382	1
3320	53	6.7585	11.277	0
3330	50	7.7439	7.5178	1
3330	52	4.4153	10.223	1
3330	53	6.0997	11.47	0
3340	50	8.2993	7.3985	1
3340	52	4.6003	10.064	1
3340	53	5.4308	11.615	0
3350	50	8.8547	7.2791	1
3350	52	4.7851	9.9044	1
3350	53	4.7618	11.76	0
3360	50	9.3918	7.098	0
3360	52	4.9836	9.729	0
3360	53	4.102	11.913	0
3370	50	9.9241	6.9016	0
3370	52	5.188	9.5464	0
3370	53	3.4632	12.086	0
3380	50	10.456	6.7049	0
3380	52	5.3923	9.3638	0
3380	53	2.8247	12.259	0
3390	50	11.011	6.5474	0
3390	52	5.607	9.2084	0
3390	53	2.1952	12.427	0
3400	50	11.599	6.4488	0
3400	52	5.8461	9.1163	0
3400	53	1.5795	12.588	0
3410	50	12.187	6.35	0
3410	52	6.0854	9.024	0
3410	53	0.96393	12.749	0
3420	50	12.744	6.2839	0
3420	52	6.3245	8.9318	0
3420	53	0.34832	12.91	0
3430	50	13.27	6.2505	0
3430	52	6.5636	8.8397	0
3430	53	-0.26729	13.071	0
3440	50	13.796	6.2171	0
3440	52	6.8551	8.761	0
3450	50	14.322	6.1837	0
3450	52	7.152	8.6836	0
3460	50	14.848	6.1503	0
3460	52	7.4492	8.6065	0
3460	54	-0.16164	11.055	0
3470	50	15.374	6.1169	0
3470	52	7.7777	8.6063	0
3470	54	0.728	10.958	0
3480	52	8.1376	8.6834	0
3480	54	1.6176	10.86	0
3490	52	8.4973	8.7602	0
3490	54	2.498	10.782	0
3500	52	8.852	8.829	0
3500	54	3.3689	10.725	0
3510	52	9.1986	8.8851	1
3510	54	4.2398	10.667	1
3520	52	9.5452	8.9414	1
3520	54	5.0775	10.617	1
3520	55	0.13154	11.04	1
3530	52	9.8919	8.9975	1
3530	54	5.893	10.573	1
3530	55	0.81555	10.938	1
3540	52	10.286	8.9667	1
3540	54	6.7086	10.528	1
3540	55	1.4996	10.835	1
3550	52	10.679	8.9359	1
3550	54	7.5128	10.448	1
3550	55	2.1813	10.742	1
3560	52	11.073	8.9051	1
3560	54	8.3001	10.315	1
3560	55	2.8573	10.67	0
3570	52	11.509	8.8753	1
3570	54	9.0875	10.183	1
3570	55	3.5333	10.597	0
3580	52	11.95	8.8454	1
3580	54	9.8761	10.036	1
3580	55	4.2093	10.525	0
3590	52	12.391	8.8156	1
3590	54	10.665	9.8822	1
3590	55	4.8883	10.44	0
3600	52	12.817	8.7419	1
3600	54	11.455	9.7287	1
3600	55	5.5672	10.355	0
3610	52	13.238	8.6495	1
3610	54	12.233	9.676	1
3610	55	6.246	10.271	0
3610	56	11.045	8.4426	0
3620	52	13.659	8.5571	1
3620	54	13.011	9.6347	1
3620	55	6.8822	10.202	0
3620	56	11.006	8.6216	0
3630	52	14.112	8.4741	1
3630	54	13.806	9.5433	1
3630	55	7.5136	10.135	0
3630	56	10.966	8.8006	0
3640	52	14.585	8.3975	1
3640	54	14.611	9.4187	1
3640	55	8.1248	10.088	0
3640	56	10.927	8.9796	0
3650	52	15.059	8.3206	1
3650	54	15.416	9.2941	1
3650	55	8.7057	10.069	0
3650	56	10.923	9.1626	0
3660	55	9.2866	10.049	0
3660	56	10.923	9.3464	0
3670	55	9.8401	10.006	0
3670	56	10.907	9.45	0
3680	55	10.39	9.9605	0
3680	56	10.852	9.3669	0
3690	55	10.948	9.8788	0
3690	56	10.797	9.2839	0
3690	57	15.256	9.7003	0
3700	55	11.521	9.7142	0
3700	56	10.696	9.1423	0
3700	57	14.704	9.8237	0
3710	55	12.095	9.5497	0
3710	56	10.594	9.0011	0
3710	57	14.153	9.9471	0
3720	55	12.687	9.3679	0
3720	56	10.493	8.8595	0
3720	57	13.601	10.071	0
3730	55	13.31	9.1605	0
3730	57	13.044	10.185	0
3740	55	13.933	8.9629	0
3740	57	12.485	10.297	0
3750	55	14.564	8.8543	0
3750	57	11.926	10.409	0
3760	55	15.196	8.7457	0
3760	57	11.359	10.539	0
3770	57	10.788	10.682	0
3780	57	10.217	10.826	0
3790	57	9.6416	10.967	0
3800	57	9.033	11.089	0
3810	57	8.4243	11.212	0
3820	57	7.8156	11.334	0
3830	57	7.207	11.457	0
3840	58	14.657	9.5156	0
3840	59	3.2963	12.521	0
3850	58	13.891	9.6777	0
3850	59	4.1704	12.318	0
3860	58	13.124	9.8397	0
3860	59	5.0446	12.117	0
3870	58	12.425	9.9352	0
3870	59	5.8993	11.899	0
3880	58	11.771	9.9862	0
3880	59	6.749	11.678	0
3890	58	11.117	10.037	0
3890	59	7.6026	11.459	0
3900	58	10.436	10.062	0
3900	59	8.4931	11.257	0
3910	58	9.7477	10.081	0
3910	59	9.3836	11.055	0
3920	58	9.0551	10.12	0
3920	59	10.241	10.778	0
3930	58	8.3439	10.244	0
3930	59	11.066	10.425	0
3940	58	7.6327	10.367	0
3940	59	11.891	10.071	0
3950	58	6.9138	10.513	0
3950	59	12.783	9.58	0
3960	58	6.1772	10.712	0
3960	59	13.674	9.0886	0
3970	60	14.764	8.0801	0
3980	60	14	8.292	0
3990	60	13.236	8.5042	0
3990	62	3.3786	7.1555	0
4000	60	12.553	8.8056	0
4000	61	8.1492	10.246	0
4000	62	3.6882	7.4364	0
4010	60	11.906	9.1452	0
4010	61	8.486	10.141	0
4010	62	3.9976	7.7171	0
4020	60	11.256	9.4968	1
4020	61	8.8227	10.036	0
4020	62	4.3072	7.998	0
4020	63	14.842	10.396	1
4030	60	10.582	9.955	1
4030	61	9.1839	9.9304	0
4030	62	4.7363	8.2784	0
4030	63	14.261	10.52	1
4040	60	9.9087	10.413	1
4040	61	9.6431	9.822	0
4040	62	5.2854	8.5586	0
4040	63	13.68	10.644	1
4050	60	9.2264	10.773	1
4050	61	10.102	9.7135	0
4050	62	5.8293	8.8304	0
4050	63	13.125	10.797	1
4060	60	8.5384	11.066	1
4060	61	10.549	9.5703	0
4060	62	6.3516	9.0691	0
4060	63	12.569	10.95	1
4070	60	7.8503	11.36	1
4070	61	10.995	9.4271	0
4070	62	6.8742	9.3077	0
4070	63	12.013	11.05	1
4080	60	7.1213	11.505	1
4080	61	11.364	9.2259	0
4080	62	7.3899	9.5435	0
4080	63	11.458	11.098	1
4090	60	6.392	11.65	1
4090	61	11.657	8.9664	0
4090	62	7.8899	9.7722	0
4090	63	10.902	11.145	1
4100	60	5.6554	11.791	1
4100	61	11.943	8.7094	0
4100	62	8.3898	10.001	0
4100	63	10.295	11.219	1
4110	60	4.8889	11.919	1
4110	61	12.203	8.4629	0
4110	62	8.8021	10.36	0
4110	63	9.6879	11.292	1
4120	60	4.1222	12.047	0
4120	61	12.462	8.2163	0
4120	62	9.2047	10.733	0
4120	63	9.1167	11.384	0
4130	60	3.3674	12.192	0
4130	61	12.674	7.9693	0
4130	62	9.5724	10.968	0
4130	63	8.5992	11.503	0
4140	60	2.6308	12.363	0
4140	61	12.691	7.7206	0
4140	62	9.9167	11.108	0
4140	63	8.0819	11.623	0
4150	60	1.8942	12.533	0
4150	61	12.709	7.472	0
4150	62	10.274	11.149	0
4150	63	7.5347	11.742	0
4160	60	1.1954	12.727	0
4160	61	12.537	7.4297	0
4160	62	10.651	11.04	0
4160	63	6.9874	11.861	0
4170	60	0.52195	12.937	0
4170	61	12.319	7.4388	0
4170	62	11.028	10.931	0
4170	63	6.4402	11.981	0
4180	60	-0.15153	13.147	0
4180	61	12.1	7.4481	0
4180	62	11.184	10.599	0
4180	63	5.9181	12.069	0
4190	62	11.339	10.266	0
4190	63	5.3957	12.158	0
4200	62	11.306	9.9998	0
4200	63	4.8735	12.246	0
4210	62	11.192	9.7612	0
4220	62	11.078	9.5225	0
4220	64	2.2941	11.34	0
4220	65	6.8765	9.0559	0
4230	64	2.9255	11.14	0
4230	65	6.7425	9.5877	0
4240	64	3.5569	10.939	0
4240	65	6.6086	10.119	0
4250	64	4.1803	10.707	0
4250	65	6.4173	10.683	0
4260	64	4.7986	10.453	0
4260	65	6.226	11.247	0
4270	64	5.4167	10.2	0
4270	65	6.0443	11.685	0
4270	66	11.245	7.9669	1
4280	64	6.0313	9.9077	0
4280	65	5.865	12.092	0
4280	66	10.843	8.1116	1
4280	67	15.224	7.1732	1
4290	64	6.6402	9.5583	0
4290	65	5.6796	12.478	0
4290	66	10.441	8.2562	1
4290	67	14.45	7.1063	1
4300	64	7.249	9.2089	0
4300	65	5.4405	12.673	0
4300	66	10.039	8.4008	1
4300	67	13.675	7.0395	1
4310	64	7.8859	8.9204	0
4310	65	5.2014	12.868	0
4310	66	9.4806	8.7497	1
4310	67	12.888	6.9927	1
4310	68	10.313	9.618	0
4320	64	8.5417	8.6724	0
4320	65	5.0973	12.689	0
4320	66	8.922	9.0984	1
4320	67	12.07	6.9927	2
4320	68	9.8919	9.4839	1
4330	64	9.1973	8.4247	0
4330	65	5.0082	12.469	0
4330	66	8.3311	9.3268	1
4330	67	11.253	6.9927	2
4330	68	9.4078	9.2719	1
4340	64	9.8089	8.4247	0
4340	65	4.9373	12.211	0
4340	66	7.6912	9.3746	1
4340	67	10.467	7.0624	2
4340	68	8.829	8.9438	1
4350	64	10.421	8.4247	0
4350	65	4.9087	11.864	0
4350	66	7.0514	9.4223	1
4350	67	9.6955	7.1617	2
4350	68	8.2608	8.6991	1
4360	64	11.032	8.4247	0
4360	65	4.8746	11.514	0
4360	66	6.4482	9.3445	1
4360	67	8.9589	7.2925	2
4360	68	7.6978	8.4784	1
4370	64	11.695	8.4963	0
4370	65	4.7923	11.14	0
4370	66	5.8492	9.2526	1
4370	67	8.3041	7.4956	2
4370	68	7.1453	8.2696	1
4380	64	12.37	8.5858	0
4380	65	4.7098	10.767	0
4380	66	5.2722	9.1555	1
4380	67	7.6491	7.6989	2
4380	68	6.6086	8.0667	1
4390	64	13.053	8.6001	0
4390	65	4.6058	10.539	0
4390	66	4.746	9.0452	1
4390	67	7.0036	7.9345	2
4390	68	6.0824	7.8679	1
4400	64	13.746	8.502	0
4400	65	4.4964	10.348	0
4400	66	4.2198	8.9349	1
4400	67	6.364	8.1915	2
4400	68	5.5784	7.6772	1
4410	64	14.439	8.4037	0
4410	65	4.3869	10.157	0
4410	66	3.756	8.7927	1
4410	67	5.7247	8.4486	2
4410	68	5.08	7.4889	1
4420	64	15.132	8.3054	0
4420	66	3.3188	8.6366	1
4420	67	4.9838	8.6872	1
4420	68	4.4917	7.4135	1
4430	66	2.8766	8.4925	1
4430	67	4.243	8.9259	1
4430	68	3.8936	7.3507	1
4440	66	2.3884	8.4543	1
4440	67	3.5122	9.1507	1
4440	68	3.3237	7.2911	1
4450	66	1.9001	8.4161	1
4450	67	2.7918	9.3619	1
4450	68	2.7535	7.2314	1
4460	66	1.5311	8.4815	1
4460	67	2.0714	9.5731	1
4460	68	2.1648	7.119	1
4470	66	1.2417	8.6156	1
4470	67	1.4059	9.8948	1
4470	68	1.5635	6.9713	0
4480	66	0.95235	8.75	1
4480	67	0.74652	10.229	1
4480	68	0.98645	6.6935	0
4490	66	0.66297	8.8841	1
4490	67	0.086922	10.563	1
4490	68	0.43398	6.2856	0
4500	68	-0.11849	5.878	0
4510	69	9.4282	13.047	0
4510	70	10.198	13.383	0
4520	69	9.3743	12.79	1
4520	70	10.227	13.07	1
4530	69	9.3204	12.533	1
4530	70	10.256	12.758	1
4530	72	7.1819	7.5937	0
4540	69	9.2664	12.276	1
4540	70	10.268	12.46	1
4540	72	6.9881	7.9266	0
4550	69	9.2394	11.989	1
4550	70	10.263	12.179	1
4550	72	6.7942	8.2595	0
4560	69	9.2394	11.67	1
4560	70	10.257	11.897	1
4560	71	14.97	8.5963	0
4560	72	6.6004	8.5925	0
4570	69	9.2394	11.352	1
4570	70	10.252	11.616	1
4570	71	13.978	8.6419	0
4570	72	6.3158	8.9378	0
4580	69	9.2453	11.037	1
4580	70	10.273	11.304	1
4580	71	12.986	8.6872	0
4580	72	5.941	9.2958	0
4590	69	9.2744	10.732	1
4590	70	10.311	10.971	1
4590	71	12.029	8.7848	0
4590	72	5.5662	9.6538	0
4600	69	9.3032	10.428	1
4600	70	10.349	10.638	1
4600	71	11.072	8.8824	0
4600	72	5.1581	9.987	0
4600	73	0.17006	9.8531	0
4610	69	9.3236	10.122	1
4610	70	10.395	10.297	1
4610	71	10.14	8.9879	0
4610	72	4.6723	10.262	0
4610	73	0.81766	9.8163	0
4610	74	0.44871	10.2	0
4620	69	9.3236	9.8113	1
4620	70	10.457	9.9345	1
4620	71	9.2142	9.0953	2
4620	72	4.1866	10.538	2
4620	73	1.4653	9.7796	3
4620	74	1.1778	10.123	3
4630	69	9.3034	9.4791	1
4630	70	10.519	9.5719	1
4630	71	8.2942	9.3077	2
4630	72	3.6726	10.768	2
4630	73	2.0994	9.7254	3
4630	74	1.907	10.047	3
4640	69	9.2356	9.0956	1
4640	70	10.518	9.2543	1
4640	71	7.3757	9.5464	2
4640	72	3.1465	10.979	2
4640	73	2.7203	9.6538	3
4640	74	2.5934	10.002	3
4640	75	-0.10039	11.481	3
4650	69	9.1681	8.712	1
4650	70	10.475	8.9662	1
4650	71	6.5274	9.86	2
4650	72	2.6207	11.182	2
4650	73	3.3416	9.5583	3
4650	74	3.2614	9.9707	3
4650	75	0.46618	11.298	3
4660	69	9.1232	8.3309	1
4660	70	10.431	8.6781	1
4660	71	5.7257	10.224	2
4660	72	2.0988	11.306	2
4660	73	3.9635	9.439	3
4660	74	3.9186	9.9204	3
4660	75	1.033	11.114	3
4670	69	9.1016	7.9524	2
4670	70	10.457	8.3357	2
4670	71	4.9213	10.558	3
4670	72	1.5768	11.43	3
4670	73	4.5831	9.3182	1
4670	74	4.5601	9.8407	1
4670	75	1.5995	10.931	1
4680	69	9.0797	7.5736	2
4680	70	10.513	7.9696	2
4680	71	4.1146	10.863	3
4680	72	1.126	11.527	3
4680	73	5.1976	9.1941	1
4680	74	5.2143	9.7621	1
4680	75	2.1756	11.006	1
4680	76	0.32769	7.055	1
4690	69	9.0801	7.1923	2
4690	70	10.57	7.6037	2
4690	71	3.3613	11.23	3
4690	72	0.72253	11.607	3
4690	73	5.8122	9.07	1
4690	74	5.8983	9.6853	1
4690	75	2.7649	11.047	1
4690	76	0.8989	7.3703	1
4690	77	-0.014522	9.26	1
4700	69	9.095	6.8087	2
4700	70	10.658	7.1887	2
4700	71	2.6308	11.623	3
4700	72	0.31928	11.686	3
4700	73	6.4133	8.9536	1
4700	74	6.5823	9.6087	1
4700	75	3.4577	10.859	1
4700	76	1.4703	7.6858	1
4700	77	0.58446	9.0213	1
4710	69	9.1102	6.425	2
4710	70	10.759	6.7524	2
4710	71	1.9363	11.945	3
4710	72	-0.084186	11.766	3
4710	73	7.011	8.839	1
4710	74	7.2518	9.4951	1
4710	75	4.1091	10.859	1
4710	76	1.9293	8.1144	1
4710	77	1.1422	8.6958	1
4720	69	9.1468	5.997	1
4720	70	10.861	6.3164	1
4720	71	1.2417	12.267	0
4720	73	7.639	8.7216	2
4720	74	7.9065	9.345	2
4720	75	4.7746	10.854	2
4720	76	2.3402	8.5918	0
4720	77	1.6599	8.2894	0
4730	69	9.1889	5.5579	1
4730	70	10.919	5.8684	1
4730	71	0.46555	12.536	0
4730	73	8.3378	8.5975	2
4730	74	8.5613	9.1946	2
4730	75	5.4961	10.832	2
4730	76	2.6676	9.0631	0
4730	77	2.1789	7.8918	0
4740	69	9.2259	5.1376	1
4740	70	10.965	5.4176	1
4740	71	-0.31044	12.804	0
4740	73	9.0365	8.4734	2
4740	74	9.2224	9.0514	2
4740	75	6.2104	10.799	2
4740	76	2.9396	9.5304	0
4740	77	2.7887	7.5416	0
4750	69	9.2516	4.7617	1
4750	70	10.829	5.0369	1
4750	73	9.6814	8.3758	2
4750	74	9.8849	8.9099	2
4750	75	6.8595	10.68	2
4750	76	3.2412	9.9667	0
4750	77	3.4118	7.209	0
4760	69	9.2771	4.3856	1
4760	70	10.692	4.6565	1
4760	73	10.313	8.2848	2
4760	74	10.546	8.776	2
4760	75	7.5083	10.561	2
4760	76	3.6621	10.278	0
4760	77	4.0666	6.9834	0
4770	69	9.3026	4.0095	2
4770	70	10.556	4.2758	2
4770	73	10.97	8.2058	1
4770	74	11.2	8.7104	1
4770	75	8.0781	10.282	1
4770	76	4.083	10.589	1
4770	77	4.7586	6.7684	1
4780	69	9.1731	3.5964	2
4780	70	10.438	3.8761	2
4780	73	11.637	8.1316	1
4780	74	11.853	8.6445	1
4780	75	8.6137	9.9347	1
4780	76	4.5275	10.746	1
4780	77	5.5373	6.5775	1
4790	69	9.0435	3.1832	2
4790	70	10.366	3.4317	2
4790	73	12.305	8.0576	1
4790	74	12.495	8.5846	1
4790	75	9.0569	9.496	1
4790	76	4.9748	10.885	1
4790	77	6.3097	6.3758	1
4800	69	8.9222	2.7517	2
4800	70	10.293	2.9873	2
4800	73	12.95	7.9767	1
4800	74	13.096	8.5493	1
4800	75	9.311	8.8256	1
4800	76	5.3932	10.907	1
4800	77	7.0674	6.1491	1
4810	69	8.813	2.2921	2
4810	70	10.234	2.5475	2
4810	73	13.59	7.8942	1
4810	74	13.696	8.5139	1
4810	75	9.5057	8.1495	1
4810	76	5.7825	10.811	1
4810	77	7.8354	5.9608	1
4820	69	8.704	1.8324	1
4820	70	10.195	2.1143	1
4820	73	14.217	7.8113	0
4820	74	14.318	8.4753	0
4820	75	9.7037	7.5319	1
4820	76	6.0027	10.661	0
4820	77	8.6278	5.8627	0
4830	69	8.5889	1.3799	1
4830	70	10.156	1.6811	1
4830	73	14.796	7.7278	0
4830	74	14.962	8.433	0
4830	75	9.7235	6.866	1
4830	76	6.0534	10.455	0
4830	77	9.4499	5.7247	0
4840	69	8.4712	0.93077	1
4840	70	10.115	1.2339	1
4840	73	15.374	7.6443	0
4840	75	9.6145	6.2235	1
4840	76	6.1041	10.249	0
4840	77	10.292	5.5608	0
4850	69	8.3536	0.48162	1
4850	70	10.073	0.78042	1
4850	75	9.251	5.6486	1
4850	76	6.0235	9.9664	0
4850	77	11.052	5.4548	0
4860	69	8.2359	0.032219	1
4860	70	10.031	0.32696	1
4860	75	8.8806	5.0835	1
4860	76	5.8551	9.6323	0
4860	77	11.818	5.3531	0
4870	75	8.4491	4.6061	0
4870	76	5.6868	9.2982	0
4870	77	12.607	5.2696	0
4880	75	8.0177	4.1288	0
4880	77	13.396	5.1861	0
4890	78	3.5434	8.7946	0
4890	81	6.3121	3.9792	0
4900	78	3.0078	8.6753	0
4900	81	6.0919	4.5431	0
4910	78	2.4723	8.5357	0
4910	79	0.084186	8.3292	0
4910	80	-0.039147	8.8213	0
4910	81	5.872	5.1073	0
4920	78	1.9401	8.2128	0
4920	79	0.53837	8.3292	1
4920	80	0.47207	8.8667	1
4920	81	5.7785	5.7085	0
4930	78	1.368	7.9951	0
4930	79	1.0001	8.3247	1
4930	80	0.98308	8.9123	1
4930	81	5.6849	6.3094	0
4940	78	0.73663	7.9354	0
4940	79	1.5301	8.2805	1
4940	80	1.496	8.9459	1
4940	81	5.5392	6.8789	0
4950	78	0.10523	7.8758	0
4950	79	2.0602	8.2364	1
4950	80	2.0095	8.9746	1
4950	81	5.2722	7.3746	0
4960	79	2.5818	8.1782	1
4960	80	2.5226	8.9736	1
4960	81	5.0051	7.8703	0
4960	82	14.943	9.9304	0
4960	83	15.153	8.9328	0
4970	79	3.0903	8.0984	1
4970	80	3.0336	8.8543	1
4970	81	4.6671	8.4032	0
4970	82	14.312	10.06	2
4970	83	14.522	9.018	2
4980	79	3.599	8.019	1
4980	80	3.5449	8.7349	1
4980	81	4.2987	8.9521	0
4980	82	13.68	10.189	2
4980	83	13.891	9.1032	2
4990	79	4.1552	7.8741	1
4990	80	4.0199	8.5996	1
4990	81	3.9344	9.3025	0
4990	82	13.049	10.319	2
4990	83	13.259	9.1884	2
5000	79	4.7115	7.7292	1
5000	80	4.4572	8.4381	1
5000	81	3.572	9.5676	0
5000	82	12.449	10.435	2
5000	83	12.598	9.2991	2
5010	79	5.27	7.5911	1
5010	80	4.96	8.2655	1
5010	81	3.1029	9.7936	0
5010	82	11.863	10.546	2
5010	83	11.936	9.4101	2
5010	84	0.17974	11.602	0
5020	79	5.8383	7.4796	1
5020	80	5.5188	8.1249	1
5020	81	2.5767	9.9784	0
5020	82	11.277	10.657	2
5020	83	11.282	9.5414	2
5020	84	0.9252	11.393	3
5030	79	6.4066	7.3681	1
5030	80	6.162	8.0323	1
5030	81	2.0055	10.126	0
5030	82	10.656	10.764	2
5030	83	10.658	9.7555	2
5030	84	1.6705	11.184	3
5040	79	6.9733	7.2491	1
5040	80	6.7191	7.9891	1
5040	81	1.4411	10.221	0
5040	82	10.033	10.87	2
5040	83	10.034	9.9693	2
5040	84	2.4046	10.949	3
5050	79	7.5347	7.0987	1
5050	80	7.219	7.9791	1
5050	81	0.88669	10.237	0
5050	82	9.4059	10.987	2
5050	83	9.4008	10.172	2
5050	84	3.1336	10.701	3
5060	79	8.096	6.9486	1
5060	80	7.7316	7.9474	1
5060	81	0.33253	10.253	0
5060	82	8.7648	11.15	2
5060	83	8.7461	10.349	2
5060	84	3.8629	10.454	3
5070	79	8.6514	6.8426	1
5070	80	8.2953	7.828	1
5070	81	-0.22162	10.269	0
5070	82	8.124	11.312	2
5070	83	8.0911	10.526	2
5070	84	4.6086	10.2	1
5080	79	9.2013	6.781	1
5080	80	8.8591	7.7087	1
5080	82	7.4458	11.445	2
5080	83	7.4631	10.649	2
5080	84	5.3559	9.9447	1
5080	85	-0.15532	10.525	0
5090	79	9.7513	6.7195	1
5090	80	9.4145	7.6187	1
5090	82	6.7677	11.578	2
5090	83	6.8527	10.737	2
5090	84	6.1035	9.6896	1
5090	85	0.4323	10.366	0
5100	79	10.305	6.6593	1
5100	80	9.9577	7.5724	1
5100	82	6.0986	11.706	2
5100	83	6.2424	10.824	2
5100	84	6.9033	9.6132	1
5100	85	1.0199	10.207	0
5110	79	10.864	6.6018	1
5110	80	10.501	7.5261	1
5110	82	5.451	11.826	2
5110	83	5.6049	10.953	2
5110	84	7.703	9.5368	1
5110	85	1.5964	10.04	0
5120	79	11.422	6.5443	1
5120	80	11.046	7.4825	1
5120	82	4.8034	11.945	2
5120	83	4.9491	11.109	2
5120	84	8.4965	9.4633	1
5120	85	2.1467	9.8566	1
5130	79	11.994	6.4713	1
5130	80	11.596	7.4438	1
5130	82	4.1417	12.027	2
5130	83	4.2935	11.265	2
5130	84	9.2838	9.3927	1
5130	85	2.6971	9.6731	1
5130	86	-0.16332	8.2918	1
5140	79	12.579	6.3827	1
5140	80	12.146	7.4054	1
5140	82	3.4741	12.093	2
5140	83	3.6465	11.38	2
5140	84	10.071	9.3218	1
5140	85	3.2388	9.4447	1
5140	86	0.54826	8.36	1
5150	79	13.163	6.2944	1
5150	80	12.704	7.3562	1
5150	82	2.8063	12.159	2
5150	83	2.9995	11.495	2
5150	84	10.863	9.2564	1
5150	85	3.7766	9.1972	1
5150	86	1.2598	8.428	1
5160	79	13.764	6.2028	1
5160	80	13.295	7.2643	1
5160	82	2.2053	12.249	2
5160	83	2.3509	11.606	2
5160	84	11.657	9.192	1
5160	85	4.3145	8.9497	1
5160	86	2.0205	8.5042	1
5170	79	14.368	6.1104	0
5170	80	13.886	7.1727	1
5170	82	1.6206	12.347	2
5170	83	1.6985	11.707	2
5170	84	12.443	9.1395	1
5170	85	4.7811	8.6801	0
5170	86	2.8021	8.5839	0
5180	79	14.972	6.018	0
5180	80	14.432	7.0786	1
5180	82	1.0325	12.455	2
5180	83	1.046	11.808	2
5180	84	13.202	9.133	1
5180	85	5.2479	8.4101	0
5180	86	3.5884	8.6514	0
5190	80	14.947	6.9832	1
5190	82	0.41272	12.668	2
5190	83	0.39357	11.91	2
5190	84	13.961	9.1268	1
5190	85	5.6194	8.0268	0
5190	86	4.3777	8.7111	0
5200	82	-0.20689	12.88	2
5200	83	-0.25887	12.011	2
5200	84	14.719	9.1206	1
5200	85	5.9501	7.5951	0
5200	86	5.1812	8.7349	0
5210	84	15.478	9.1142	1
5210	85	6.0342	7.1973	0
5210	86	5.9945	8.7349	0
5220	85	5.9541	6.8223	0
5220	86	6.7646	8.7125	0
5230	85	5.8741	6.4472	0
5230	86	7.4702	8.6564	0
5230	87	5.0979	11.218	0
5240	87	5.6125	11.156	0
5240	88	14.842	8.2918	1
5240	89	14.81	8.876	1
5250	87	6.1268	11.094	0
5250	88	14.346	8.36	1
5250	89	14.377	8.9194	1
5260	87	6.6414	11.032	0
5260	88	13.85	8.428	1
5260	89	13.943	8.9629	1
5270	87	7.1487	10.932	0
5270	88	13.346	8.5474	1
5270	89	13.49	9.0264	1
5270	90	15.242	7.4433	1
5280	87	7.655	10.828	0
5280	88	12.839	8.6884	1
5280	89	12.961	9.171	1
5280	90	14.484	7.577	1
5290	87	8.1614	10.723	0
5290	88	12.353	8.7739	1
5290	89	12.432	9.3156	1
5290	90	13.727	7.7106	1
5300	87	8.6844	10.636	0
5300	88	11.889	8.8037	1
5300	89	11.902	9.4602	1
5300	90	12.981	7.85	1
5300	91	2.6491	8.8753	0
5310	87	9.2144	10.557	0
5310	88	11.421	8.8438	1
5310	89	11.442	9.6259	1
5310	90	12.266	8.0027	1
5310	91	3.1885	9.0094	0
5320	87	9.7445	10.477	0
5320	88	10.924	8.9774	1
5320	89	10.99	9.7939	1
5320	90	11.55	8.1555	1
5320	91	3.7278	9.1438	0
5330	87	10.262	10.388	0
5330	88	10.427	9.1111	1
5330	89	10.533	9.9466	1
5330	90	10.863	8.3328	1
5330	91	4.2672	9.2779	0
5340	87	10.779	10.298	0
5340	88	9.9457	9.2619	1
5340	89	10.055	10.039	1
5340	90	10.183	8.5166	1
5340	91	4.8213	9.3946	0
5350	87	11.297	10.169	0
5350	88	9.4743	9.4242	1
5350	89	9.5778	10.13	1
5350	90	9.501	8.6793	1
5350	91	5.3854	9.4996	0
5360	87	11.815	10.013	0
5360	88	9.0035	9.5882	1
5360	89	9.11	10.239	1
5360	90	8.8094	8.7588	1
5360	91	5.9591	9.5991	0
5370	87	12.333	9.8566	0
5370	88	8.5388	9.7672	1
5370	89	8.6484	10.358	1
5370	90	8.1122	8.8409	1
5370	91	6.6206	9.6504	0
5380	87	12.859	9.6638	0
5380	88	8.0741	9.9461	1
5380	89	8.1871	10.477	1
5380	90	7.3673	8.9459	1
5380	91	7.1137	9.6323	0
5390	87	13.386	9.4712	0
5390	88	7.5797	9.9695	1
5390	89	7.703	10.604	1
5390	90	6.6364	9.0464	1
5390	91	7.5767	9.5917	0
5400	87	13.898	9.2917	0
5400	88	7.0727	9.9261	1
5400	89	7.219	10.732	1
5400	90	5.9166	9.1645	1
5400	91	8.2081	9.5798	0
5410	87	14.389	9.1328	0
5410	88	6.5781	9.9199	1
5410	89	6.7349	10.859	1
5410	90	5.224	9.3237	1
5410	91	8.8376	9.555	0
5410	92	0.36032	12.524	0
5410	93	0.51122	13.619	0
5420	87	14.88	8.9736	0
5420	88	6.0961	9.9507	1
5420	89	6.2361	10.886	1
5420	90	4.5311	9.4827	1
5420	91	9.4594	9.4791	0
5420	92	1.0706	12.424	2
5420	93	1.0222	13.432	2
5430	87	15.371	8.8144	0
5430	88	5.6139	9.9815	1
5430	89	5.7371	10.912	1
5430	90	3.8431	9.649	1
5430	91	10.081	9.4032	0
5430	92	1.781	12.325	2
5430	93	1.5334	13.244	2
5440	88	5.1128	10.033	1
5440	89	5.2427	10.921	1
5440	90	3.1555	9.8161	1
5440	91	10.639	9.2579	0
5440	92	2.5641	12.144	2
5440	93	2.0144	13.107	2
5450	88	4.5831	10.115	1
5450	89	4.7586	10.889	1
5450	90	2.4681	9.9831	1
5450	91	11.198	9.1127	0
5450	92	3.355	11.955	2
5450	93	2.4654	13.022	2
5460	88	4.0533	10.197	1
5460	89	4.2745	10.857	1
5460	90	1.81	10.175	1
5460	91	11.72	8.8793	0
5460	92	4.1462	11.766	2
5460	93	2.9164	12.937	2
5470	88	3.5291	10.268	1
5470	89	3.7884	10.865	1
5470	90	1.1552	10.369	1
5470	91	12.227	8.608	0
5470	92	4.7776	11.57	2
5470	93	3.4495	12.828	2
5480	88	3.0105	10.328	1
5480	89	3.2974	10.965	1
5480	90	0.50512	10.568	1
5480	91	12.586	8.3173	0
5480	92	5.409	11.374	2
5480	93	4.0178	12.709	2
5480	94	0.35779	11.885	2
5490	88	2.4917	10.388	1
5490	89	2.8061	11.064	1
5490	90	-0.12628	10.785	1
5490	91	12.796	8.007	0
5490	92	6.0805	11.149	2
5490	93	4.586	12.589	2
5490	94	0.98919	11.838	2
5500	88	1.9489	10.441	1
5500	89	2.2617	11.107	1
5500	91	12.811	7.6674	0
5500	92	6.9134	10.806	2
5500	93	5.1082	12.397	2
5500	94	1.6206	11.79	2
5510	88	1.396	10.491	1
5510	89	1.7113	11.144	1
5510	91	12.629	7.2987	0
5510	92	7.746	10.464	2
5510	93	5.6106	12.174	2
5510	94	2.1634	11.739	2
5520	88	0.84291	10.54	1
5520	89	1.1748	11.208	1
5520	91	12.356	6.9782	0
5520	92	8.5036	10.154	2
5520	93	6.113	11.951	2
5520	94	2.7049	11.679	2
5530	88	0.28981	10.59	1
5530	89	0.67117	11.335	1
5530	91	11.871	6.7708	0
5530	92	9.2529	9.849	2
5530	93	6.6297	11.756	2
5530	94	3.2353	11.526	2
5540	88	-0.26329	10.64	1
5540	89	0.16753	11.463	1
5540	91	11.386	6.5631	0
5540	92	9.9971	9.5225	2
5540	93	7.1558	11.581	2
5540	94	3.7656	11.374	2
5550	89	-0.3359	11.591	1
5550	91	10.793	6.4655	0
5550	92	10.734	9.1645	2
5550	93	7.682	11.406	2
5550	94	4.3512	11.232	2
5560	91	10.2	6.3679	0
5560	92	11.482	8.8056	2
5560	93	8.1799	11.178	2
5560	94	4.9733	11.097	2
5570	91	9.556	6.3407	0
5570	92	12.278	8.4424	1
5570	93	8.6587	10.915	1
5570	94	5.5921	10.983	1
5580	91	8.8993	6.3312	0
5580	92	13.075	8.0791	1
5580	93	9.1378	10.652	1
5580	94	6.2024	10.919	1
5590	91	8.2547	6.2658	0
5590	92	13.851	7.8194	1
5590	93	9.6422	10.377	1
5590	94	6.8128	10.856	1
5600	91	7.6384	6.0696	0
5600	92	14.626	7.5712	1
5600	93	10.157	10.097	1
5600	94	7.4204	10.793	1
5610	91	7.022	5.8737	0
5610	92	15.4	7.323	1
5610	93	10.673	9.817	1
5610	94	8.0217	10.734	1
5620	91	6.5082	5.667	0
5620	93	11.197	9.5225	1
5620	94	8.623	10.674	1
5630	91	6.0968	5.45	0
5630	93	11.723	9.2242	1
5630	94	9.2207	10.546	1
5640	91	5.6855	5.2331	0
5640	93	12.249	8.9259	1
5640	94	9.8144	10.35	1
5650	93	12.786	8.6879	1
5650	94	10.408	10.154	1
5660	93	13.33	8.4906	1
5660	94	10.969	9.8748	1
5660	95	0.031149	12.33	0
5670	93	13.875	8.293	1
5670	94	11.517	9.5598	1
5670	95	0.50659	12.135	2
5670	96	0.22899	11.467	2
5680	93	14.4	8.1958	1
5680	94	12.053	9.2653	1
5680	95	0.98224	11.941	2
5680	96	0.74252	11.286	2
5690	93	14.916	8.1416	1
5690	94	12.544	9.0531	1
5690	95	1.4585	11.752	2
5690	96	1.2561	11.104	2
5700	93	15.433	8.0872	1
5700	94	13.035	8.8409	1
5700	95	1.9418	11.61	2
5700	96	1.7368	10.927	2
5710	94	13.57	8.7125	1
5710	95	2.425	11.469	2
5710	96	2.2036	10.75	2
5720	94	14.149	8.6679	0
5720	95	2.9375	11.326	1
5720	96	2.694	10.593	1
5730	94	14.727	8.623	0
5730	95	3.4937	11.181	1
5730	96	3.2201	10.466	1
5740	94	15.306	8.5784	0
5740	95	4.05	11.036	1
5740	96	3.7463	10.339	1
5750	95	4.5951	10.915	1
5750	96	4.2958	10.209	1
5760	95	5.133	10.809	1
5760	96	4.8805	10.077	1
5770	95	5.6708	10.702	1
5770	96	5.4651	9.9442	1
5780	95	6.1723	10.555	1
5780	96	6.0088	9.8051	1
5790	95	6.6698	10.403	1
5790	96	6.5349	9.6636	1
5800	95	7.1348	10.203	1
5800	96	7.0611	9.5218	1
5810	95	7.5858	9.981	1
5810	96	7.5502	9.3538	1
5820	95	8.0368	9.7595	1
5820	96	8.0023	9.1593	1
5830	95	8.559	9.5941	1
5830	96	8.4544	8.9648	1
5840	95	9.0889	9.4349	1
5840	96	8.9692	8.7426	1
5850	95	9.6191	9.2653	1
5850	96	9.4996	8.5135	1
5860	95	10.149	9.0531	1
5860	96	10.039	8.2913	1
5870	95	10.679	8.8409	1
5870	96	10.597	8.0856	1
5880	95	11.246	8.6915	1
5880	96	11.156	7.8798	1
5890	95	11.848	8.6049	1
5890	96	11.737	7.677	1
5900	95	12.444	8.4753	1
5900	96	12.351	7.4779	1
5910	95	13.025	8.2462	1
5910	96	12.965	7.2791	1
5920	95	13.606	8.0171	0
5920	96	13.541	7.1094	0
5930	95	14.143	7.8023	0
5930	96	14.117	6.94	0
