0	1	12.775	7.2791	1
0	2	12.375	7.9235	1
0	3	9.3867	7.0643	3
0	4	7.8924	6.5393	2
0	5	5.7667	7.1837	2
0	6	6.5876	6.4199	2
0	7	7.3242	5.9188	3
0	8	7.0295	4.5823	3
0	9	7.0295	5.1789	3
10	1	12.42	7.1968	1
10	2	12.219	7.7889	1
10	3	9.8077	6.8257	3
10	4	7.3623	6.7691	2
10	5	5.3025	7.2328	2
10	6	5.997	6.4507	2
10	7	7.9364	5.9694	3
10	8	7.5347	4.5276	3
10	9	7.4557	5.1789	3
20	1	12.064	7.1144	1
20	2	12.062	7.6543	1
20	3	10.229	6.587	3
20	4	6.8323	6.9989	2
20	5	4.8382	7.282	2
20	6	5.4062	6.4815	2
20	7	8.5487	6.02	3
20	8	8.0398	4.4732	3
20	9	7.8819	5.1789	3
30	1	11.703	7.0364	1
30	2	11.906	7.5197	1
30	3	10.653	6.3569	3
30	4	6.2832	7.2238	2
30	5	4.3739	7.3312	2
30	6	4.8157	6.5123	2
30	7	9.1609	6.0706	3
30	8	8.5449	4.4185	3
30	9	8.3081	5.1789	3
40	1	11.294	6.9968	1
40	2	11.728	7.3894	1
40	3	11.082	6.1352	3
40	4	5.6893	7.4369	2
40	5	3.9041	7.2894	2
40	6	4.264	6.4725	2
40	7	9.7671	6.1526	3
40	8	9.0184	4.3973	3
40	9	8.7343	5.1789	3
50	1	10.885	6.9569	1
50	2	11.355	7.2975	1
50	3	11.51	5.9138	2
50	4	5.0956	7.65	3
50	5	3.4306	7.187	3
50	6	3.7168	6.4247	3
50	7	10.37	6.2481	2
50	8	9.4604	4.4092	2
50	9	9.2066	5.1789	2
60	1	10.475	6.9171	1
60	2	10.983	7.2056	1
60	3	11.979	5.7379	2
60	4	4.4899	7.84	3
60	5	2.957	7.0849	3
60	6	3.1696	6.377	3
60	7	10.974	6.3436	2
60	8	9.9024	4.4212	2
60	9	9.6789	5.1789	2
70	1	10.06	6.8837	1
70	2	10.544	7.1646	1
70	3	12.464	5.5818	2
70	4	3.8726	8.007	3
70	5	2.465	6.988	3
70	6	2.671	6.3052	3
70	7	11.62	6.4297	2
70	8	10.344	4.4331	2
70	9	10.151	5.1789	2
80	1	9.6393	6.8565	1
80	2	10.039	7.1741	1
80	3	12.943	5.4212	2
80	4	3.2553	8.1741	3
80	5	1.9683	6.8925	3
80	6	2.1777	6.2305	3
80	7	12.284	6.5116	2
80	8	10.763	4.4391	2
80	9	10.623	5.1789	2
90	1	9.2184	6.829	1
90	2	9.5341	7.1837	1
90	3	13.356	5.2178	2
90	4	2.6525	8.3276	3
90	5	1.4781	6.8154	3
90	6	1.6844	6.156	3
90	7	12.948	6.5937	2
90	8	11.157	4.4391	2
90	9	11.058	5.1789	2
100	1	8.7974	6.8018	1
100	2	9.0677	7.2094	1
100	3	13.769	5.0145	2
100	4	2.0647	8.4674	1
100	5	1.0031	6.7813	1
100	6	1.2156	6.0942	1
100	7	13.607	6.6269	2
100	8	11.552	4.4391	2
100	9	11.488	5.1789	2
110	1	8.3479	6.8018	1
110	2	8.6013	7.2352	1
110	3	14.202	4.8429	2
110	4	1.4768	8.6075	1
110	5	0.52806	6.7472	1
110	6	0.75767	6.0381	1
110	7	14.259	6.6109	2
110	8	11.947	4.4391	2
110	9	11.918	5.1789	2
110	10	14.988	6.0149	3
110	11	15.063	5.3749	3
120	1	7.8981	6.8018	1
120	2	8.1347	7.261	1
120	3	14.665	4.7188	2
120	4	1.0403	8.8221	1
120	5	0.052827	6.7133	1
120	6	0.2997	5.982	1
120	7	14.911	6.5949	2
120	8	12.35	4.4391	2
120	9	12.348	5.1789	2
120	10	14.508	6.097	3
120	11	14.58	5.4238	3
130	1	7.4486	6.8018	1
130	2	7.6653	7.2841	1
130	3	15.128	4.5947	2
130	4	0.70485	9.0865	1
130	6	-0.15848	5.9257	1
130	7	15.564	6.5791	2
130	8	12.761	4.4391	2
130	9	12.763	5.1916	2
130	10	14.028	6.1791	3
130	11	14.097	5.4729	3
140	1	6.999	6.8018	1
140	2	7.1895	7.3013	1
140	4	0.36916	9.3509	1
140	8	13.173	4.4391	2
140	9	13.144	5.2336	2
140	10	13.544	6.2579	3
140	11	13.615	5.5221	3
150	1	6.5375	6.7944	1
150	2	6.7134	7.3183	1
150	4	0.033464	9.6154	0
150	8	13.584	4.4391	2
150	9	13.524	5.2758	2
150	10	13.029	6.3083	3
150	11	13.092	5.4951	3
160	1	6.0679	6.7822	1
160	2	6.2373	7.3354	1
160	8	13.996	4.4391	2
160	9	13.905	5.3178	2
160	10	12.514	6.3584	3
160	11	12.553	5.4355	3
170	1	5.5984	6.7701	1
170	2	5.7609	7.3495	1
170	8	14.467	4.4582	2
170	9	14.286	5.3601	2
170	10	11.999	6.4087	3
170	11	12.014	5.3758	3
170	13	-0.12628	4.5085	0
180	1	5.1288	6.7577	1
180	2	5.2806	7.3374	1
180	8	14.939	4.4773	2
180	9	14.667	5.4021	2
180	10	11.488	6.4694	3
180	11	11.495	5.3839	3
180	12	0.33232	4.9467	0
180	13	0.43503	4.5157	0
190	1	4.6481	6.7114	1
190	2	4.8003	7.3249	1
190	8	15.41	4.4964	2
190	9	15.047	5.4443	2
190	10	10.987	6.5546	3
190	11	10.997	5.4596	3
190	12	0.91258	5.0553	0
190	13	0.99613	4.5231	0
200	1	4.1624	6.65	1
200	2	4.32	7.3128	1
200	9	15.428	5.4863	0
200	10	10.486	6.6398	2
200	11	10.499	5.5352	2
200	12	1.493	5.1636	3
200	13	1.5574	4.5302	3
210	1	3.6766	6.5889	1
210	2	3.8391	7.2939	1
210	10	9.9851	6.7252	2
210	11	10.001	5.6109	2
210	12	2.075	5.2505	3
210	13	2.1238	4.5648	3
220	1	3.1911	6.5276	1
220	2	3.3554	7.2488	1
220	10	9.4895	6.8166	2
220	11	9.5141	5.7266	2
220	12	2.6632	5.2505	3
220	13	2.6977	4.6407	3
230	1	2.7053	6.4958	1
230	2	2.872	7.2037	1
230	10	9.0435	6.9643	2
230	11	9.0431	5.9028	2
230	12	3.2515	5.2505	3
230	13	3.2717	4.7169	3
240	1	2.2196	6.4713	1
240	2	2.3886	7.1586	1
240	10	8.5975	7.1121	2
240	11	8.572	6.0789	2
240	12	3.8397	5.2505	3
240	13	3.8458	4.7928	3
250	1	1.7338	6.4469	1
250	2	1.9089	7.1099	1
250	10	8.1515	7.2598	2
250	11	8.1008	6.2553	2
250	12	4.4343	5.2541	3
250	13	4.4198	4.8687	3
260	1	1.2483	6.4223	1
260	2	1.4331	7.0581	1
260	10	7.7055	7.4075	2
260	11	7.6399	6.4116	2
260	12	5.0442	5.2665	3
260	13	4.9918	4.936	3
270	1	0.78693	6.3739	1
270	2	0.9572	7.0063	1
270	10	7.2537	7.4975	2
270	11	7.219	6.4894	2
270	12	5.6539	5.2787	3
270	13	5.5639	5.0033	3
280	1	0.32854	6.3228	1
280	2	0.48133	6.9543	1
280	10	6.8012	7.581	2
280	11	6.798	6.567	2
280	12	6.2639	5.2908	3
280	13	6.1359	5.0706	3
290	1	-0.13007	6.2717	1
290	2	0.0054721	6.9025	1
290	10	6.3487	7.6646	2
290	11	6.3771	6.6448	2
290	12	6.865	5.3207	3
290	13	6.7138	5.1336	3
300	10	5.8962	7.7481	1
300	11	5.9562	6.7223	1
300	12	7.453	5.3768	2
300	13	7.3452	5.1567	2
310	10	5.4462	7.7612	1
310	11	5.4973	6.7569	1
310	12	8.041	5.4331	2
310	13	7.9766	5.1801	2
320	10	4.9967	7.7667	1
320	11	5.0343	6.7868	1
320	12	8.6291	5.4892	2
320	13	8.608	5.2033	2
320	14	0.24246	4.7966	3
320	15	0.15111	4.3038	3
320	16	15.016	4.4057	0
330	10	4.5471	7.7722	1
330	11	4.5713	6.8166	1
330	12	9.2078	5.5861	2
330	13	9.2394	5.2266	2
330	14	0.6013	4.7477	3
330	15	0.51417	4.2501	3
330	16	14.432	4.3579	0
330	17	-0.14122	5.5555	0
340	10	4.0973	7.7777	1
340	11	4.1083	6.8464	1
340	12	9.7866	5.683	2
340	13	9.8708	5.2729	2
340	14	0.95993	4.699	3
340	15	0.87722	4.1964	3
340	16	13.849	4.3102	0
340	17	0.25929	5.5729	0
340	18	0.077451	4.7744	0
350	10	3.6446	7.8173	2
350	11	3.6547	6.914	2
350	12	10.365	5.7801	1
350	13	10.502	5.3195	1
350	14	1.3188	4.65	1
350	15	1.2403	4.1427	1
350	16	13.266	4.2625	0
350	17	0.6596	5.5904	1
350	18	0.43145	4.7851	1
360	10	3.1885	7.891	2
360	11	3.2022	6.9856	2
360	12	10.957	5.8042	1
360	13	11.134	5.3658	1
360	14	1.6774	4.6054	1
360	15	1.6027	4.1002	1
360	16	12.669	4.3069	0
360	17	1.0601	5.608	1
360	18	0.78546	4.7959	1
370	10	2.7325	7.965	2
370	11	2.7497	7.0572	2
370	12	11.551	5.8102	1
370	13	11.749	5.3756	1
370	14	2.0362	4.5975	1
370	15	1.9643	4.0847	1
370	16	12.066	4.3906	0
370	17	1.4604	5.6255	1
370	18	1.1395	4.8068	1
380	10	2.2766	8.0388	2
380	11	2.2972	7.1288	2
380	12	12.146	5.8161	1
380	13	12.34	5.33	1
380	14	2.3951	4.5897	1
380	15	2.3256	4.0691	1
380	16	11.463	4.4746	0
380	17	1.8567	5.6271	1
380	18	1.4932	4.8176	1
390	10	1.8531	8.1424	2
390	11	1.8424	7.2519	2
390	12	12.741	5.8221	1
390	13	12.932	5.2846	1
390	14	2.7539	4.5818	1
390	15	2.687	4.0536	1
390	16	10.86	4.5584	0
390	17	2.2505	5.6183	1
390	18	1.9007	4.8209	1
400	10	1.5059	8.3154	2
400	11	1.3874	7.381	2
400	12	13.304	5.8097	1
400	13	13.523	5.2391	1
400	14	3.1128	4.5742	1
400	15	3.0486	4.0381	1
400	16	10.292	4.7732	0
400	17	2.6441	5.6095	1
400	18	2.3311	4.8209	1
410	10	1.1586	8.4884	2
410	11	0.93236	7.5101	2
410	12	13.861	5.7925	1
410	13	14.104	5.2049	1
410	14	3.4716	4.5663	1
410	15	3.4234	4.0262	1
410	16	9.7235	4.988	0
410	17	3.0376	5.6006	1
410	18	2.7613	4.8209	1
420	10	0.81134	8.6614	2
420	11	0.50785	7.665	2
420	12	14.417	5.7756	1
420	13	14.644	5.2152	1
420	14	3.8305	4.5584	1
420	15	3.8039	4.0162	1
420	16	9.1552	5.2028	0
420	17	3.4314	5.5918	1
420	18	3.1915	4.8209	1
430	10	0.52848	8.8526	2
430	11	0.20583	7.9245	2
430	12	14.973	5.7586	1
430	13	15.184	5.2257	1
430	14	4.1283	4.5584	1
430	15	4.1847	4.0059	1
430	16	8.587	5.4176	0
430	17	3.8279	5.5856	1
430	18	3.6156	4.825	1
440	10	0.39567	9.0863	2
440	11	-0.096183	8.1839	2
440	14	4.4259	4.5584	1
440	15	4.5652	3.9959	1
440	16	8.0751	5.6369	0
440	17	4.2369	5.5901	1
440	18	4.014	4.8453	1
450	10	0.26308	9.3197	0
450	14	4.7237	4.5584	1
450	15	4.9459	3.9856	1
450	16	7.5631	5.8562	0
450	17	4.6456	5.5947	1
450	18	4.4126	4.8656	1
450	19	15.41	4.2262	0
460	10	0.13049	9.5531	0
460	14	5.0215	4.5584	1
460	15	5.2953	3.9856	1
460	16	7.0512	6.0756	0
460	17	5.0543	5.5994	1
460	18	4.8112	4.8858	1
460	19	14.716	4.1617	0
470	10	-0.0023151	9.7867	0
470	14	5.3879	4.5405	1
470	15	5.6445	3.9856	1
470	16	6.5511	6.2954	0
470	17	5.4633	5.604	1
470	18	5.2096	4.9061	1
470	19	14.022	4.0973	0
480	14	5.7621	4.5207	1
480	15	5.9938	3.9856	1
480	16	6.0789	6.5166	0
480	17	5.872	5.6085	1
480	18	5.6348	4.9536	1
480	19	13.328	4.0326	0
490	14	6.1363	4.5006	1
490	15	6.343	3.9856	1
490	16	5.6066	6.7378	0
490	17	6.2973	5.688	1
490	18	6.0864	5.0283	1
490	19	12.634	3.9682	0
500	14	6.5301	4.5059	1
500	15	6.6989	4.0045	1
500	16	5.1343	6.9591	0
500	17	6.7227	5.7677	1
500	18	6.5381	5.1028	1
500	19	11.978	3.9045	0
510	14	6.9698	4.5699	1
510	15	7.0695	4.0668	1
510	16	4.6605	7.167	0
510	17	7.148	5.8472	1
510	18	6.9895	5.1775	1
510	19	11.325	3.8408	0
520	14	7.4094	4.6338	1
520	15	7.4404	4.1293	1
520	16	4.1809	7.3223	0
520	17	7.5732	5.9266	1
520	18	7.4412	5.2519	1
520	19	10.673	3.7773	0
530	14	7.8493	4.6978	1
530	15	7.8112	4.1918	1
530	16	3.7012	7.4779	0
530	17	7.996	5.997	1
530	18	7.875	5.2942	1
530	19	10.056	3.6961	0
540	14	8.289	4.7617	1
540	15	8.1888	4.2477	1
540	16	3.2216	7.6333	0
540	17	8.4085	6.0305	1
540	18	8.3007	5.3226	1
540	19	9.4425	3.6131	0
550	14	8.7286	4.8257	1
550	15	8.6274	4.2427	1
550	16	2.7419	7.7887	0
550	17	8.821	6.0639	1
550	18	8.7267	5.351	1
550	19	8.808	3.6276	0
560	14	9.1712	4.8376	1
560	15	9.0658	4.2376	1
560	16	2.3376	7.9882	0
560	17	9.2335	6.0973	1
560	18	9.1527	5.3794	1
560	19	8.1591	3.7071	0
570	14	9.6151	4.8271	1
570	15	9.5042	4.2326	1
570	16	1.9418	8.193	0
570	17	9.646	6.1307	1
570	18	9.5964	5.4114	1
570	19	7.5123	3.7976	0
580	14	10.059	4.8169	1
580	15	9.9428	4.2279	1
580	16	1.5459	8.3975	0
580	17	10.066	6.1713	1
580	18	10.057	5.4469	1
580	19	6.8742	3.9319	0
590	14	10.503	4.8064	1
590	15	10.38	4.2259	1
590	16	1.15	8.602	0
590	17	10.515	6.24	1
590	18	10.519	5.4825	1
590	19	6.2363	4.066	0
600	14	10.942	4.8052	1
600	15	10.815	4.231	1
600	16	0.86648	8.8106	0
600	17	10.964	6.309	1
600	18	10.98	5.5181	1
600	19	5.5984	4.2004	0
600	20	15.09	4.8076	2
610	14	11.337	4.8863	1
610	15	11.249	4.2362	1
610	16	0.63097	9.0209	0
610	17	11.414	6.3777	1
610	18	11.441	5.5536	1
610	19	4.9478	4.2293	0
610	20	14.66	4.6739	2
610	21	15.256	2.8231	2
620	14	11.733	4.9675	1
620	15	11.684	4.2415	1
620	16	0.39546	9.2311	0
620	17	11.863	6.4467	1
620	18	11.891	5.5806	1
620	19	4.2973	4.2582	0
620	20	14.231	4.5403	2
620	21	14.742	2.788	2
620	22	14.903	3.8396	2
630	14	12.129	5.0486	1
630	15	12.119	4.2465	1
630	16	0.15995	9.4414	0
630	17	12.312	6.5154	1
630	18	12.339	5.6054	1
630	19	3.6467	4.2873	0
630	20	13.775	4.3293	2
630	21	14.229	2.7529	2
630	22	14.361	3.7386	2
640	14	12.524	5.1298	1
640	15	12.52	4.3484	1
640	16	-0.075767	9.6514	0
640	17	12.753	6.5378	1
640	18	12.786	5.6305	1
640	19	2.9977	4.2777	0
640	20	13.301	4.0668	2
640	21	13.715	2.7179	2
640	22	13.819	3.6377	2
650	14	12.915	5.2095	1
650	15	12.907	4.4916	1
650	17	13.194	6.56	1
650	18	13.233	5.6553	1
650	19	2.3492	4.252	0
650	20	12.802	4.0138	2
650	21	13.186	2.6911	2
650	22	13.303	3.525	2
660	14	13.265	5.2753	1
660	15	13.291	4.6307	1
660	17	13.634	6.5825	1
660	18	13.68	5.6801	1
660	19	1.7008	4.2262	0
660	20	12.285	4.1007	2
660	21	12.635	2.6773	2
660	22	12.791	3.4107	2
670	14	13.614	5.3414	1
670	15	13.661	4.7536	1
670	17	14.075	6.6049	1
670	18	14.07	5.7278	1
670	19	1.0523	4.2004	0
670	20	11.764	4.2126	2
670	21	12.084	2.6632	2
670	22	12.249	3.4081	2
680	14	13.963	5.4073	1
680	15	14.031	4.8765	1
680	17	14.516	6.6273	1
680	18	14.459	5.7756	1
680	19	0.4525	4.1527	0
680	20	11.235	4.3627	2
680	21	11.533	2.6491	2
680	22	11.688	3.4797	2
680	23	15.269	3.7539	0
680	24	15.275	4.2269	0
690	14	14.312	5.4734	1
690	15	14.401	4.9994	1
690	17	14.956	6.6495	1
690	18	14.848	5.8233	1
690	19	-0.14733	4.1049	0
690	20	10.706	4.5128	2
690	21	10.99	2.7155	2
690	22	11.127	3.5513	2
690	23	14.743	3.8104	0
690	24	14.729	4.2978	0
700	14	14.621	5.5608	2
700	15	14.672	5.1193	2
700	18	15.238	5.871	0
700	20	10.176	4.6627	1
700	21	10.446	2.7818	1
700	22	10.592	3.6408	1
700	23	14.217	3.867	1
700	24	14.183	4.3687	1
710	14	14.869	5.6801	2
710	15	14.931	5.2386	2
710	20	9.6412	4.7949	1
710	21	9.9024	2.8479	1
710	22	10.076	3.7419	1
710	23	13.691	3.9233	1
710	24	13.637	4.4398	1
710	25	14.87	4.6847	1
710	26	15.348	3.9904	1
720	14	15.117	5.7994	2
720	15	15.191	5.3579	2
720	20	9.1056	4.925	1
720	21	9.3676	2.9074	1
720	22	9.5589	3.8431	1
720	23	13.165	3.9799	1
720	24	13.091	4.5107	1
720	25	14.319	4.8209	1
720	26	14.7	4.1336	1
730	20	8.5697	5.0553	1
730	21	8.8463	2.956	1
730	22	9.0327	3.9348	1
730	23	12.629	4.0286	1
730	24	12.589	4.5703	1
730	25	13.721	4.9844	1
730	26	14.051	4.2768	1
740	20	8.0461	5.093	1
740	21	8.3249	3.005	1
740	22	8.4845	4.0038	1
740	23	12.092	4.0763	1
740	24	12.086	4.63	1
740	25	13.016	5.2111	1
740	26	13.395	4.4436	1
740	27	14.865	4.7777	0
740	28	14.985	3.7054	0
750	20	7.5304	5.0691	1
750	21	7.8034	3.0537	1
750	22	7.9362	4.073	1
750	23	11.556	4.124	1
750	24	11.584	4.6897	1
750	25	12.336	5.4441	1
750	26	12.703	4.7049	1
750	27	14.302	4.9088	1
750	28	14.354	3.7362	1
750	29	0.20373	5.0586	2
750	30	0.042093	5.5369	2
760	20	7.0148	5.0453	1
760	21	7.2821	3.1026	1
760	22	7.388	4.1419	1
760	23	11.019	4.1718	1
760	24	11.082	4.7493	1
760	25	11.712	5.6916	1
760	26	12.014	4.9596	1
760	27	13.738	5.0395	1
760	28	13.722	3.767	1
760	29	0.81261	5.1355	2
760	30	0.61898	5.634	2
770	20	6.4992	5.0214	1
770	21	6.7662	3.0792	1
770	22	6.8506	4.1765	1
770	23	10.482	4.2033	1
770	24	10.579	4.7999	1
770	25	11.088	5.939	1
770	26	11.351	5.1522	1
770	27	13.18	5.2185	1
770	28	13.093	3.8236	1
770	29	1.4215	5.2121	2
770	30	1.1957	5.7314	2
780	20	5.9755	4.9963	1
780	21	6.2504	3.0558	1
780	22	6.3245	4.1765	1
780	23	9.9455	4.2331	1
780	24	10.074	4.8443	1
780	25	10.474	6.2078	1
780	26	10.687	5.345	1
780	27	12.634	5.5092	1
780	28	12.488	4.1128	1
780	29	2.0266	5.3119	2
780	30	1.7763	5.8281	2
790	20	5.4464	4.9706	1
790	21	5.7345	3.0324	1
790	22	5.7983	4.1765	1
790	23	9.4088	4.2629	1
790	24	9.5703	4.8887	1
790	25	9.8662	6.4906	1
790	26	10.026	5.5763	1
790	27	12.088	5.8001	1
790	28	11.882	4.4021	1
790	29	2.6279	5.4345	2
790	30	2.3656	5.9235	2
800	20	4.9175	4.9448	1
800	21	5.2187	3.009	1
800	22	5.2722	4.1765	1
800	23	8.8722	4.2928	1
800	24	9.0662	4.9331	1
800	25	9.2581	6.7734	1
800	26	9.367	5.8457	1
800	27	11.542	6.0851	1
800	28	11.276	4.6916	1
800	29	3.2292	5.5574	2
800	30	2.9549	6.019	2
810	20	4.3884	4.919	1
810	21	4.7028	2.9856	1
810	22	4.746	4.1765	1
810	23	8.3696	4.31	1
810	24	8.5649	4.9608	1
810	25	8.636	6.9767	1
810	26	8.7084	6.1152	1
810	27	10.999	6.3161	1
810	28	10.736	5.0388	1
810	29	3.8305	5.6801	2
810	30	3.5442	6.1145	2
820	20	3.8545	4.9395	1
820	21	4.1967	2.9918	1
820	22	4.2531	4.1601	1
820	23	7.871	4.3255	1
820	24	8.0707	4.9498	1
820	25	8.0124	7.1712	1
820	26	8.0553	6.3445	1
820	27	10.456	6.5469	1
820	28	10.214	5.4006	1
820	29	4.428	5.7185	2
820	30	4.119	6.1677	2
830	20	3.3197	4.9653	1
830	21	3.6916	3.0014	1
830	22	3.7743	4.1367	1
830	23	7.3722	4.341	1
830	24	7.5763	4.9386	1
830	25	7.3859	7.3507	1
830	26	7.4105	6.514	1
830	27	9.9129	6.7779	1
830	28	9.6909	5.7624	1
830	29	5.0253	5.7572	2
830	30	4.6904	6.2102	2
840	20	2.7849	4.9913	1
840	21	3.1864	3.0109	1
840	22	3.2957	4.1133	1
840	23	6.8736	4.3565	1
840	24	7.0819	4.9276	1
840	25	6.7475	7.4701	1
840	26	6.7654	6.6832	1
840	27	9.3613	7.0085	1
840	28	9.1613	6.0135	1
840	29	5.6228	5.7956	2
840	30	5.2616	6.2529	2
850	20	2.2585	5.0138	1
850	21	2.6813	3.0205	1
850	22	2.8169	4.0899	1
850	23	6.3796	4.372	1
850	24	6.5876	4.9164	1
850	25	6.1092	7.5894	1
850	26	6.1182	6.8495	1
850	27	8.8099	7.2388	1
850	28	8.6291	6.2171	1
850	29	6.1894	5.7512	2
850	30	5.8756	6.213	2
860	20	1.7645	5.0236	1
860	21	2.1762	3.03	1
860	22	2.3383	4.0665	1
860	23	5.8974	4.3868	1
860	24	6.1102	4.9221	1
860	25	5.4708	7.7063	1
860	26	5.4658	7.0087	1
860	27	8.2565	7.4555	1
860	28	8.0968	6.4207	1
860	29	6.7521	5.6975	2
860	30	6.4893	6.1734	2
870	20	1.2706	5.0333	1
870	21	1.6631	3.0159	1
870	22	1.8233	4.0503	1
870	23	5.4151	4.4018	1
870	24	5.6327	4.9281	1
870	25	4.8325	7.8142	1
870	26	4.8133	7.1677	1
870	27	7.6889	7.5495	1
870	28	7.5452	6.5889	1
870	29	7.3151	5.6438	2
870	30	7.0792	6.1443	2
880	20	0.77662	5.0431	1
880	21	1.1491	2.9992	1
880	22	1.2843	4.0386	1
880	23	4.9327	4.4166	1
880	24	5.1553	4.9338	1
880	25	4.1944	7.9221	1
880	26	4.1651	7.3113	1
880	27	7.1213	7.6436	1
880	28	6.9489	6.6751	1
880	29	7.8781	5.5901	2
880	30	7.6534	6.1228	2
890	20	0.28265	5.0527	1
890	21	0.63539	2.9828	1
890	22	0.74526	4.0269	1
890	23	4.4505	4.4317	1
890	24	4.678	4.9398	1
890	25	3.5628	8.0288	1
890	26	3.527	7.4192	1
890	27	6.5537	7.7376	1
890	28	6.3525	6.7615	1
890	29	8.4679	5.5507	2
890	30	8.2273	6.1011	2
900	20	-0.21131	5.0625	0
900	21	0.12144	2.9661	0
900	22	0.20626	4.0152	0
900	23	3.9742	4.4391	1
900	24	4.2005	4.9319	1
900	25	2.9905	8.1257	1
900	26	2.8888	7.5271	1
900	27	5.9785	7.8118	1
900	28	5.7562	6.8476	1
900	29	9.0605	5.513	2
900	30	8.808	6.0691	2
910	22	-0.33253	4.0038	0
910	23	3.504	4.4391	1
910	24	3.7227	4.9228	1
910	25	2.4185	8.2225	1
910	26	2.2709	7.6445	1
910	27	5.4016	7.8813	1
910	28	5.2067	6.965	1
910	29	9.6532	5.4753	2
910	30	9.4042	6.0135	2
920	23	3.0339	4.4391	1
920	24	3.2452	4.9135	1
920	25	1.8462	8.3194	1
920	26	1.7338	7.8008	1
920	27	4.8245	7.9505	1
920	28	4.6772	7.0958	1
920	29	10.224	5.4486	2
920	30	10.001	5.9577	2
930	23	2.5637	4.4391	1
930	24	2.7676	4.9045	1
930	25	1.3874	8.544	1
930	26	1.1967	7.9572	1
930	27	4.252	7.9875	1
930	28	4.1474	7.2269	1
930	29	10.593	5.5209	2
930	30	10.563	5.9207	2
940	23	2.0935	4.4391	1
940	24	2.2901	4.8954	1
940	25	0.9412	8.7827	1
940	26	0.73768	8.1481	1
940	27	3.6819	8.0106	1
940	28	3.5849	7.2553	1
940	29	10.963	5.5932	2
940	30	11.044	5.9269	2
950	23	1.6117	4.4123	1
950	24	1.8169	4.8961	1
950	25	0.62592	9.0531	2
950	26	0.46008	8.4192	2
950	27	3.1115	8.0335	3
950	28	3.0004	7.2154	3
950	29	11.333	5.6655	4
950	30	11.526	5.9333	4
960	23	1.1273	4.3792	1
960	24	1.3455	4.9014	1
960	25	0.50722	9.3715	2
960	26	0.20457	8.6939	2
960	27	2.5416	8.0008	3
960	28	2.4157	7.1758	3
960	29	11.62	5.788	4
960	30	12.008	5.9395	4
970	23	0.64255	4.3458	1
970	24	0.87427	4.9066	1
970	25	0.38852	9.6896	2
970	26	0.14543	8.9996	2
970	27	1.9723	7.9304	3
970	28	1.831	7.1359	3
970	29	11.885	5.9228	4
970	30	12.368	5.9527	4
980	23	0.15806	4.3126	1
980	24	0.40304	4.9116	1
980	25	0.26982	10.008	2
980	26	0.08608	9.3056	2
980	27	1.4027	7.8603	3
980	28	1.28	7.0166	3
980	29	12.099	6.0178	4
980	30	12.604	5.9725	4
990	23	-0.32643	4.2792	1
990	24	-0.068191	4.9169	1
990	25	0.15111	10.326	2
990	26	0.02694	9.6113	2
990	27	0.83071	7.7789	3
990	28	0.72926	6.8973	3
990	29	12.26	6.0729	4
990	30	12.818	5.9904	4
1000	27	0.24877	7.6526	0
1000	28	0.17826	6.7779	0
1000	29	12.422	6.1281	1
1000	30	12.819	5.9906	1
1010	27	-0.33296	7.5261	0
1010	29	12.44	6.134	1
1010	30	12.82	5.9908	1
1020	29	12.441	6.1345	1
1020	30	12.822	5.9911	1
1030	29	12.443	6.1352	1
1030	30	12.823	5.9913	1
1040	29	12.444	6.1357	1
1040	30	12.824	5.9918	1
1050	29	12.446	6.1364	1
1050	30	12.826	5.992	1
1060	29	12.447	6.1369	1
1060	30	12.827	5.9923	1
1070	29	12.449	6.1374	1
1070	30	12.828	5.9925	1
1080	29	12.45	6.1381	1
1080	30	12.83	5.9927	1
1090	29	12.452	6.1386	1
1090	30	12.831	5.993	1
1100	29	12.453	6.139	1
1100	30	12.833	5.9932	1
1110	29	12.455	6.1398	1
1110	30	12.834	5.9935	1
1120	29	12.456	6.1402	1
1120	30	12.835	5.9937	1
1130	29	12.458	6.1407	1
1130	30	12.837	5.9939	1
1140	29	12.459	6.1414	1
1140	30	12.838	5.9944	1
1150	29	12.461	6.1419	1
1150	30	12.84	5.9947	1
1160	29	12.462	6.1424	1
1160	30	12.841	5.9949	1
1170	29	12.464	6.1431	1
1170	30	12.842	5.9951	1
1180	29	12.465	6.1436	1
1180	30	12.844	5.9954	1
1190	29	12.467	6.1443	1
1190	30	12.845	5.9956	1
1190	31	-0.08587	9.7294	0
1200	29	12.468	6.1448	1
1200	30	12.847	5.9959	1
1200	31	0.34369	9.2917	0
1210	29	12.47	6.1453	1
1210	30	12.848	5.9961	1
1210	31	0.77346	8.8543	0
1220	29	12.471	6.146	1
1220	30	12.849	5.9963	1
1220	31	1.2327	8.5032	0
1230	29	12.473	6.1464	1
1230	30	12.851	5.9966	1
1230	31	1.7363	8.2815	0
1240	29	12.474	6.1469	1
1240	30	12.852	5.9968	1
1240	31	2.24	8.0598	0
1250	29	12.476	6.1476	1
1250	30	12.854	5.9973	1
1250	31	2.8158	7.8576	0
1260	29	12.477	6.1481	1
1260	30	12.855	5.9975	1
1260	31	3.4401	7.6684	0
1270	29	12.478	6.1486	1
1270	30	12.856	5.9978	1
1270	31	4.0641	7.4791	0
1280	29	12.48	6.1493	1
1280	30	12.858	5.998	1
1280	31	4.6612	7.271	0
1280	32	-0.084186	4.446	0
1290	29	12.481	6.1498	1
1290	30	12.859	5.9982	1
1290	31	5.2465	7.0545	0
1290	32	0.54721	4.5312	0
1300	29	12.483	6.1505	1
1300	30	12.86	5.9985	1
1300	31	5.8318	6.8383	2
1300	32	1.1786	4.6164	2
1310	29	12.485	6.151	1
1310	30	12.862	5.9987	1
1310	31	6.4312	6.6347	2
1310	32	1.81	4.7016	2
1320	29	12.486	6.1515	1
1320	30	12.863	5.999	1
1320	31	7.0445	6.4438	2
1320	32	2.4694	4.7493	2
1330	29	12.488	6.1522	1
1330	30	12.864	5.9992	1
1330	31	7.658	6.2529	2
1330	32	3.129	4.7971	2
1340	29	12.489	6.1526	1
1340	30	12.866	5.9994	1
1340	31	8.2713	6.062	2
1340	32	3.7884	4.8448	2
1350	29	12.49	6.1531	1
1350	30	12.867	5.9999	1
1350	31	8.9248	5.8861	2
1350	32	4.4339	4.8527	2
1360	29	12.492	6.1538	1
1360	30	12.869	6.0001	1
1360	31	9.5785	5.7102	2
1360	32	5.0792	4.8608	2
1370	29	12.493	6.1543	1
1370	30	12.87	6.0004	1
1370	31	10.232	5.5343	2
1370	32	5.7247	4.8687	2
1380	29	12.495	6.1548	1
1380	30	12.871	6.0006	1
1380	31	10.887	5.3818	2
1380	32	6.392	4.8892	2
1390	29	12.496	6.1555	1
1390	30	12.873	6.0009	1
1390	31	11.548	5.3221	2
1390	32	7.0596	4.9095	2
1400	29	12.498	6.156	1
1400	30	12.874	6.0011	1
1400	31	12.21	5.2624	2
1400	32	7.727	4.93	2
1410	29	12.499	6.1565	1
1410	30	12.876	6.0013	1
1410	31	12.866	5.278	2
1410	32	8.3969	4.9536	2
1420	29	12.501	6.1572	1
1420	30	12.877	6.0016	1
1420	31	13.514	5.4066	2
1420	32	9.0694	4.9801	2
1430	29	12.502	6.1577	1
1430	30	12.878	6.0018	1
1430	31	14.161	5.535	2
1430	32	9.7416	5.0066	2
1440	29	12.504	6.1584	1
1440	30	12.88	6.0021	1
1440	31	14.809	5.6636	2
1440	32	10.414	5.0331	2
1450	29	12.505	6.1589	1
1450	30	12.881	6.0023	1
1450	31	15.456	5.792	0
1450	32	11.075	5.093	0
1460	29	12.507	6.1593	1
1460	30	12.883	6.0028	1
1460	32	11.734	5.1567	0
1470	29	12.508	6.16	1
1470	30	12.884	6.003	1
1470	32	12.394	5.2202	0
1480	29	12.51	6.1605	1
1480	30	12.885	6.0032	1
1480	32	13.003	5.3173	0
1490	29	12.511	6.161	1
1490	30	12.887	6.0035	1
1490	32	13.606	5.4181	0
1500	29	12.513	6.1617	1
1500	30	12.888	6.0037	1
1500	32	14.209	5.5188	0
1510	29	12.514	6.1622	1
1510	30	12.889	6.004	1
1510	32	14.813	5.6197	0
1520	29	12.516	6.1627	1
1520	30	12.891	6.0042	1
1520	32	15.416	5.7204	0
1530	29	12.517	6.1634	1
1530	30	12.892	6.0044	1
1530	33	0.083344	8.7614	0
1540	29	12.519	6.1639	1
1540	30	12.894	6.0047	1
1540	33	0.49649	8.5493	0
1550	29	12.52	6.1643	1
1550	30	12.895	6.0049	1
1550	33	0.90963	8.3371	0
1560	29	12.522	6.1651	1
1560	30	12.896	6.0054	1
1560	33	1.3312	8.1801	0
1570	29	12.523	6.1655	1
1570	30	12.898	6.0056	1
1570	33	1.7652	8.1056	0
1580	29	12.525	6.1663	1
1580	30	12.899	6.0059	1
1580	33	2.1994	8.0309	0
1580	35	15.004	4.157	0
1590	29	12.526	6.1667	1
1590	30	12.9	6.0061	1
1590	33	2.6266	7.9681	0
1590	34	14.789	4.8011	0
1590	35	14.468	4.1787	0
1600	29	12.528	6.1672	1
1600	30	12.902	6.0064	1
1600	33	3.0265	7.9521	0
1600	34	14.227	4.809	2
1600	35	13.933	4.2004	2
1610	29	12.529	6.1679	1
1610	30	12.903	6.0066	1
1610	33	3.4264	7.9362	0
1610	34	13.666	4.8169	2
1610	35	13.397	4.2221	2
1620	29	12.531	6.1684	1
1620	30	12.905	6.0068	1
1620	33	3.829	7.907	0
1620	34	13.114	4.8209	2
1620	35	12.861	4.1918	2
1630	29	12.532	6.1689	1
1630	30	12.906	6.0071	1
1630	33	4.2428	7.8247	0
1630	34	12.572	4.8209	2
1630	35	12.326	4.1555	2
1640	29	12.534	6.1696	1
1640	30	12.907	6.0073	1
1640	33	4.6563	7.7424	0
1640	34	12.029	4.8209	2
1640	35	11.79	4.1195	2
1640	37	0.13954	5.5157	0
1650	29	12.535	6.1701	2
1650	30	12.909	6.0075	2
1650	33	5.097	7.6717	1
1650	34	11.486	4.8209	3
1650	35	11.245	4.1007	3
1650	36	0.19068	6.6004	1
1650	37	0.41609	5.7682	1
1660	29	12.537	6.1705	2
1660	30	12.91	6.0078	2
1660	33	5.6009	7.6285	1
1660	34	10.969	4.7999	3
1660	35	10.694	4.0937	3
1660	36	0.48786	6.818	1
1660	37	0.69264	6.0204	1
1670	29	12.538	6.1713	2
1670	30	12.912	6.0083	2
1670	33	6.1048	7.5851	1
1670	34	10.462	4.7701	3
1670	35	10.143	4.0868	3
1670	36	0.78482	7.0355	1
1670	37	0.9694	6.2727	1
1680	29	12.54	6.1717	2
1680	30	12.913	6.0085	2
1680	33	6.6086	7.5416	1
1680	34	9.9556	4.7403	3
1680	35	9.6098	4.0835	3
1680	36	1.0839	7.2505	1
1680	37	1.1352	6.4894	1
1680	38	0.15827	5.7562	0
1680	39	0.13638	4.956	0
1690	29	12.541	6.1722	2
1690	30	12.914	6.0087	2
1690	33	7.1137	7.3985	1
1690	34	9.4591	4.7355	3
1690	35	9.1468	4.0954	3
1690	36	1.3996	7.4414	1
1690	37	1.2535	6.6906	1
1690	38	0.63434	5.7789	0
1690	39	0.60824	4.9147	0
1700	29	12.543	6.1729	2
1700	30	12.916	6.009	2
1700	33	7.6188	7.2553	1
1700	34	8.9723	4.7553	3
1700	35	8.6838	4.1073	3
1700	36	1.7153	7.6323	1
1700	37	1.372	6.892	1
1700	38	1.1104	5.8018	1
1700	39	1.0799	4.8737	1
1710	29	12.544	6.1734	2
1710	30	12.917	6.0092	2
1710	33	8.124	7.1121	1
1710	34	8.4857	4.7751	3
1710	35	8.2208	4.1193	3
1710	36	2.031	7.8233	1
1710	37	1.5118	7.0207	1
1710	38	1.5865	5.8245	1
1710	39	1.5526	4.8367	1
1720	29	12.546	6.1741	2
1720	30	12.918	6.0095	2
1720	33	8.5956	6.9474	1
1720	34	7.9989	4.7952	3
1720	35	7.767	4.1329	3
1720	36	2.3355	8.0111	1
1720	37	1.6732	7.0763	1
1720	38	2.0626	5.8472	1
1720	39	2.0276	4.8092	1
1730	29	12.547	6.1746	2
1730	30	12.92	6.0097	2
1730	33	9.0675	6.783	1
1730	34	7.5123	4.815	3
1730	35	7.3507	4.1532	3
1730	36	2.5407	8.17	1
1730	37	1.8346	7.1319	1
1730	38	2.5266	5.9023	1
1730	39	2.5026	4.782	1
1740	29	12.549	6.1751	2
1740	30	12.921	6.0099	2
1740	33	9.5358	6.6063	1
1740	34	7.0634	4.8209	3
1740	35	6.9342	4.1734	3
1740	36	2.7457	8.3292	1
1740	37	1.9691	7.2333	1
1740	38	2.9907	5.9574	1
1740	39	2.9779	4.7548	1
1750	29	12.55	6.1758	2
1750	30	12.923	6.0102	2
1750	33	9.9737	6.3226	0
1750	34	6.6309	4.8209	3
1750	35	6.5177	4.1937	3
1750	36	2.9509	8.4884	1
1750	37	2.0771	7.3801	1
1750	38	3.4548	6.0123	1
1750	39	3.4411	4.8269	1
1760	29	12.552	6.1763	2
1760	30	12.924	6.0104	2
1760	33	10.412	6.0388	0
1760	34	6.1982	4.8209	3
1760	35	6.1012	4.214	3
1760	36	3.1378	8.6237	1
1760	37	2.185	7.5269	1
1760	38	3.9176	6.0646	1
1760	39	3.9014	4.9238	1
1770	29	12.553	6.1768	2
1770	30	12.925	6.0109	2
1770	33	10.85	5.755	0
1770	34	5.7655	4.8209	3
1770	35	5.6497	4.2193	3
1770	36	3.2519	8.6648	1
1770	37	2.293	7.6739	1
1770	38	4.3672	6.0918	1
1770	39	4.3619	5.0207	1
1780	29	12.554	6.1775	2
1780	30	12.927	6.0111	2
1780	33	11.295	5.4796	0
1780	34	5.333	4.8209	3
1780	35	5.1629	4.2092	3
1780	36	3.3662	8.7056	1
1780	37	2.3799	7.8042	1
1780	38	4.8167	6.119	1
1780	39	4.8161	5.104	1
1790	29	12.556	6.1779	2
1790	30	12.928	6.0114	2
1790	33	11.751	5.2171	0
1790	34	4.8946	4.8178	3
1790	35	4.6763	4.1995	3
1790	36	3.4805	8.7466	1
1790	37	2.4528	7.9235	1
1790	38	5.2665	6.146	1
1790	39	5.266	5.1782	1
1800	29	12.557	6.1784	2
1800	30	12.93	6.0116	2
1800	33	12.207	4.9546	1
1800	34	4.4429	4.808	4
1800	35	4.1895	4.1894	4
1800	36	3.5198	8.7416	3
1800	37	2.5256	8.0428	0
1800	38	5.716	6.1732	1
1800	39	5.716	5.2522	1
1810	29	12.559	6.1791	2
1810	30	12.931	6.0118	2
1810	33	12.627	4.6615	1
1810	34	3.9915	4.798	4
1810	35	3.7029	4.1794	4
1810	36	3.5272	8.7168	3
1810	37	2.5984	8.1622	0
1810	38	6.1599	6.1772	1
1810	39	6.1548	5.2431	1
1820	29	12.56	6.1796	2
1820	30	12.932	6.0121	2
1820	33	12.994	4.3228	1
1820	34	3.5398	4.788	4
1820	35	3.2096	4.1606	4
1820	36	3.5343	8.6922	3
1820	37	2.6712	8.2815	0
1820	38	6.6014	6.1715	1
1820	39	6.5888	5.1982	1
1830	29	12.562	6.1803	2
1830	30	12.934	6.0123	2
1830	33	13.361	3.9842	1
1830	34	3.0882	4.7782	4
1830	35	2.7135	4.1379	4
1830	36	3.5417	8.6674	3
1830	37	2.7306	8.3548	0
1830	38	7.0428	6.1655	1
1830	39	7.023	5.1536	1
1840	29	12.564	6.1808	2
1840	30	12.935	6.0126	2
1840	33	13.694	3.6952	1
1840	34	2.6352	4.7636	4
1840	35	2.2175	4.1152	4
1840	36	3.5489	8.6428	3
1840	37	2.7695	8.3593	0
1840	38	7.4843	6.1598	1
1840	39	7.4782	5.1207	1
1850	29	12.55	6.1605	0
1850	30	12.936	6.0128	2
1850	33	13.952	3.5229	0
1850	34	2.1808	4.7448	4
1850	35	1.7214	4.0925	4
1850	36	3.5562	8.618	3
1850	37	2.8084	8.3636	1
1850	38	7.9255	6.12	1
1850	39	7.9549	5.0997	1
1860	29	12.4	5.9527	0
1860	30	12.938	6.013	2
1860	33	14.172	3.2875	0
1860	34	1.7264	4.7259	4
1860	35	1.2373	4.0775	4
1860	36	3.5634	8.5934	3
1860	37	2.8476	8.3681	1
1860	38	8.3664	6.0574	1
1860	39	8.4317	5.0784	1
1870	29	12.251	5.7448	0
1870	30	12.939	6.0133	2
1870	33	14.356	2.9892	0
1870	34	1.2721	4.7068	4
1870	35	0.76525	4.0703	4
1870	36	3.5708	8.5686	3
1870	37	2.8865	8.3724	1
1870	38	8.8075	5.9949	1
1870	39	8.9044	5.0536	1
1870	40	0.099129	7.2302	1
1880	29	12.102	5.5369	0
1880	30	12.941	6.0137	2
1880	33	14.601	2.599	0
1880	34	0.81787	4.688	4
1880	35	0.29339	4.0629	4
1880	36	3.5779	8.544	3
1880	37	2.9255	8.377	1
1880	38	9.2485	5.9324	1
1880	39	9.343	4.994	1
1880	40	0.45923	7.2175	1
1890	29	12.081	4.8825	0
1890	30	12.942	6.014	2
1890	33	14.852	2.1988	0
1890	34	0.36347	4.6689	4
1890	35	-0.17847	4.0558	4
1890	36	3.697	8.5304	3
1890	37	3.0122	8.3488	1
1890	38	9.7041	5.8846	1
1890	39	9.7814	4.9343	1
1890	40	0.81913	7.2049	1
1890	41	0.017048	7.6598	0
1890	42	-0.16837	5.4534	0
1900	29	12.061	4.2281	0
1900	30	12.943	6.0142	0
1900	33	15.103	1.7983	0
1900	34	-0.090921	4.65	0
1900	36	3.8162	8.5171	1
1900	37	3.0989	8.3209	1
1900	38	10.182	5.8589	1
1900	39	10.22	4.8746	1
1900	40	1.1792	7.1925	1
1900	41	0.35274	7.6662	1
1900	42	0.41041	5.4235	1
1900	43	0.24856	5.8121	1
1900	44	0.0037884	6.4839	1
1910	29	12.041	3.5737	0
1910	30	12.833	6.1073	0
1910	36	3.9353	8.5034	1
1910	37	3.1854	8.2927	1
1910	38	10.66	5.8331	1
1910	39	10.65	4.8209	1
1910	40	1.5513	7.1872	1
1910	41	0.68822	7.6727	1
1910	42	0.98919	5.3937	1
1910	43	0.86691	5.7749	1
1910	44	0.3418	6.5092	1
1910	45	-0.034306	7.1495	1
1910	46	0.75767	0.11933	2
1920	29	12.059	2.683	0
1920	30	12.694	6.2238	0
1920	36	4.0544	8.4901	1
1920	37	3.2721	8.2646	1
1920	38	11.138	5.8071	1
1920	39	11.07	4.7732	1
1920	40	1.9516	7.1987	1
1920	41	1.0239	7.6791	1
1920	42	1.5745	5.3422	1
1920	43	1.485	5.7376	1
1920	44	0.67959	6.5343	1
1920	45	0.31443	7.1154	1
1920	46	0.73431	0.6408	2
1920	49	2.2909	0.12386	2
1930	29	12.081	1.7661	0
1930	30	12.556	6.3402	0
1930	36	4.1735	8.4765	1
1930	37	3.3588	8.2366	1
1930	38	11.572	5.8123	1
1930	39	11.491	4.7255	1
1930	40	2.3522	7.2104	1
1930	41	1.3596	7.6827	1
1930	42	2.1855	5.2035	1
1930	43	2.1023	5.6911	1
1930	44	1.0174	6.5593	1
1930	45	0.66318	7.0813	1
1930	46	0.71095	1.1623	2
1930	48	1.5541	0.27398	0
1930	49	2.2585	0.64725	2
1940	29	12.103	0.84915	0
1940	30	12.417	6.4567	0
1940	36	4.3693	8.4056	1
1940	37	3.5733	8.1918	1
1940	38	11.987	5.8307	1
1940	39	11.912	4.6777	1
1940	40	2.7525	7.2221	1
1940	41	1.6963	7.6624	1
1940	42	2.7964	5.0651	1
1940	43	2.7112	5.5634	1
1940	44	1.3552	6.5844	1
1940	45	1.0121	7.0474	1
1940	46	0.65665	1.6539	2
1940	48	1.5372	0.80858	0
1940	49	2.2261	1.1704	2
1950	29	12.125	-0.067779	0
1950	30	12.2	6.5302	0
1950	36	4.5978	8.3101	1
1950	37	3.8021	8.145	1
1950	38	12.403	5.8491	1
1950	39	12.281	4.7639	1
1950	40	3.1462	7.1997	1
1950	41	2.0331	7.6419	1
1950	42	3.4043	4.9312	1
1950	43	3.3201	5.4355	1
1950	44	1.7115	6.5173	1
1950	45	1.3636	7.0187	1
1950	46	0.53037	2.0756	2
1950	47	0.061666	5.6677	1
1950	48	1.5204	1.3432	2
1950	49	2.1608	1.6904	2
1960	30	11.949	6.5851	0
1960	36	4.8262	8.2147	1
1960	37	4.0308	8.0984	1
1960	38	12.818	5.8675	1
1960	39	12.649	4.85	1
1960	40	3.5131	7.0405	1
1960	41	2.3698	7.6214	1
1960	42	3.9831	4.8417	1
1960	43	3.9231	5.3102	1
1960	44	2.0699	6.44	1
1960	45	1.7414	7.0397	1
1960	46	0.40409	2.4971	2
1960	47	0.49817	5.7916	1
1960	48	1.4488	1.7623	2
1960	49	2.0626	2.2076	2
1970	30	11.699	6.64	0
1970	36	5.0665	8.1144	1
1970	37	4.2596	8.0517	1
1970	38	13.197	5.9639	1
1970	39	13.017	4.9362	1
1970	40	3.8801	6.8813	1
1970	41	2.699	7.6132	1
1970	42	4.5618	4.7522	1
1970	43	4.5124	5.1909	1
1970	44	2.4283	6.3624	1
1970	45	2.119	7.0608	1
1970	46	0.27066	2.9047	2
1970	47	0.93468	5.9152	1
1970	48	1.3537	2.1317	2
1970	49	1.9643	2.7248	2
1970	50	-0.18689	5.1866	1
1980	30	11.46	6.6915	0
1980	36	5.3534	7.9951	1
1980	37	4.4896	8.0023	1
1980	38	13.567	6.0801	1
1980	39	13.375	5.0555	1
1980	40	4.247	6.7223	1
1980	41	3.0233	7.6132	1
1980	42	5.1406	4.6627	1
1980	43	5.1017	5.0715	1
1980	44	2.7811	6.2801	1
1980	45	2.4965	7.082	1
1980	46	0.12018	3.2799	2
1980	47	1.363	6.0123	1
1980	48	1.2588	2.5014	2
1980	49	1.7904	3.1821	2
1980	50	0.38557	5.1675	1
1980	51	15.069	5.5455	0
1980	52	15.125	4.987	0
1990	30	11.221	6.7431	0
1990	36	5.6405	7.8758	1
1990	37	4.7224	7.9464	1
1990	38	13.937	6.1961	1
1990	39	13.717	5.2247	1
1990	40	4.6102	6.5524	1
1990	41	3.3474	7.6132	1
1990	42	5.7209	4.5691	1
1990	43	5.6941	4.9663	1
1990	44	3.1119	6.1779	1
1990	45	2.8811	7.0443	1
1990	46	-0.030097	3.6548	2
1990	47	1.7586	6.0028	1
1990	48	1.1096	2.9183	2
1990	49	1.541	3.5799	2
1990	50	0.95804	5.1484	1
1990	51	14.648	5.4596	0
1990	52	14.567	4.9973	0
2000	30	10.982	6.7946	2
2000	36	5.9275	7.7564	1
2000	37	4.9554	7.8906	1
2000	38	14.31	6.2908	3
2000	39	14.059	5.3937	3
2000	40	4.9647	6.3577	1
2000	41	3.6718	7.6132	1
2000	42	6.3011	4.4753	1
2000	43	6.2935	4.894	1
2000	44	3.4426	6.0756	1
2000	45	3.2689	6.9815	1
2000	46	-0.18037	4.03	0
2000	47	2.1543	5.9932	1
2000	48	0.92436	3.367	4
2000	49	1.2916	3.9777	4
2000	50	1.5313	5.1188	1
2000	51	14.227	5.3737	2
2000	52	14.009	5.0078	2
2010	30	10.749	6.8722	2
2010	36	6.2144	7.6371	1
2010	37	5.1882	7.8347	1
2010	38	14.712	6.1932	3
2010	39	14.426	5.2782	3
2010	40	5.3193	6.1632	1
2010	41	4.0041	7.5059	1
2010	42	6.8816	4.3813	1
2010	43	6.8932	4.8216	1
2010	44	3.777	6.0092	1
2010	45	3.6566	6.9185	1
2010	47	2.5336	5.9968	1
2010	48	0.73894	3.8035	4
2010	49	1.1193	4.3465	4
2010	50	2.1122	4.9947	1
2010	51	13.752	5.3345	2
2010	52	13.452	5.0749	2
2020	30	10.523	6.9887	2
2020	36	6.528	7.5734	1
2020	37	5.4209	7.7789	1
2020	38	15.113	6.0956	3
2020	39	14.792	5.1627	3
2020	40	5.6737	5.9684	1
2020	41	4.3373	7.3865	1
2020	42	7.489	4.2658	1
2020	43	7.4926	4.7493	1
2020	44	4.1171	5.997	1
2020	45	4.0443	6.8557	1
2020	47	2.9061	6.0059	1
2020	48	0.55268	4.131	4
2020	49	0.96625	4.708	4
2020	50	2.6931	4.8706	1
2020	51	13.193	5.3658	2
2020	52	12.896	5.1799	2
2020	53	14.814	6.9698	2
2030	30	10.297	7.1051	2
2030	36	6.8479	7.5238	1
2030	37	5.6834	7.7536	1
2030	39	15.159	5.0472	3
2030	40	6.0614	5.808	1
2030	41	4.6706	7.2672	1
2030	42	8.1143	4.1362	1
2030	43	8.0856	4.6407	1
2030	44	4.457	5.9849	1
2030	45	4.3947	6.7526	1
2030	47	3.2723	6.0305	1
2030	48	0.36621	4.4582	4
2030	49	0.81324	5.0696	4
2030	50	3.2654	4.7658	1
2030	51	12.639	5.4107	2
2030	52	12.346	5.2806	2
2030	53	14.262	7.0197	2
2040	30	10.071	7.2216	2
2040	36	7.168	7.4741	1
2040	37	5.9654	7.7488	1
2040	40	6.4823	5.682	1
2040	41	5.0213	7.1419	1
2040	42	8.7398	4.0069	1
2040	43	8.6787	4.5324	1
2040	44	4.7969	5.9727	1
2040	45	4.7409	6.6448	1
2040	47	3.5838	6.1927	1
2040	48	0.17974	4.7854	4
2040	49	0.67159	5.4154	4
2040	50	3.8321	4.6742	1
2040	51	12.12	5.5813	2
2040	52	11.839	5.3424	2
2040	53	13.705	7.0586	2
2050	30	9.8306	7.366	2
2050	36	7.4881	7.4242	1
2050	37	6.2474	7.744	1
2050	40	6.9033	5.5562	1
2050	41	5.413	7.0028	1
2050	42	9.3722	3.8851	1
2050	43	9.272	4.4238	1
2050	44	5.1715	5.9068	1
2050	45	5.0872	6.5369	1
2050	47	3.8953	6.355	1
2050	48	0.038726	5.135	0
2050	49	0.54174	5.7455	0
2050	50	4.3987	4.5823	1
2050	51	11.602	5.7517	2
2050	52	11.332	5.4042	2
2050	53	13.116	7.0013	2
2060	30	9.5564	7.5755	2
2060	36	7.8083	7.3746	1
2060	37	6.5295	7.7393	1
2060	40	7.3242	5.4302	1
2060	41	5.8048	6.8634	1
2060	42	10.069	3.8357	1
2060	43	9.9287	4.3675	1
2060	44	5.5809	5.7875	1
2060	45	5.4727	6.3997	1
2060	47	4.2495	6.5371	1
2060	48	-0.071979	5.4992	0
2060	49	0.41167	6.0753	0
2060	50	5.0076	4.5395	1
2060	51	11.092	5.9028	2
2060	52	10.848	5.4591	2
2060	53	12.527	6.944	2
2070	30	9.2821	7.7853	2
2070	36	8.166	7.2631	1
2070	37	6.8115	7.7345	1
2070	40	7.7388	5.3388	1
2070	41	6.1965	6.7242	1
2070	42	10.766	3.7866	1
2070	43	10.613	4.3333	1
2070	44	5.99	5.6682	1
2070	45	5.8682	6.255	1
2070	47	4.6321	6.7324	1
2070	49	0.28265	6.3987	0
2070	50	5.6165	4.4971	1
2070	51	10.6	6.009	2
2070	52	10.396	5.5033	2
2070	53	11.937	6.9431	2
2080	30	9.0079	7.9951	2
2080	36	8.5238	7.1519	1
2080	37	7.1327	7.7111	1
2080	40	8.1528	5.2512	1
2080	41	6.5671	6.6094	1
2080	42	11.463	3.7517	1
2080	43	11.297	4.2992	1
2080	44	6.3994	5.5488	1
2080	45	6.2637	6.1104	1
2080	47	5.0301	6.9145	1
2080	49	0.16227	6.6648	0
2080	50	6.2201	4.4574	1
2080	51	10.109	6.1149	2
2080	52	9.9432	5.5474	2
2080	53	11.346	6.9798	2
2090	30	8.7107	8.1075	2
2090	36	8.8816	7.0405	1
2090	37	7.4799	7.6753	1
2090	40	8.5666	5.1639	1
2090	41	6.9289	6.5049	1
2090	42	12.165	3.7756	1
2090	43	11.953	4.3181	1
2090	44	6.8075	5.3937	1
2090	45	6.6463	5.9441	1
2090	47	5.451	7.0767	1
2090	49	0.042093	6.9307	0
2090	50	6.8029	4.43	1
2090	51	9.641	6.2126	2
2090	52	9.5376	5.6581	2
2090	53	10.755	7.0166	2
2100	30	8.4136	8.2197	2
2100	36	9.2775	6.9722	1
2100	37	7.8272	7.6395	1
2100	40	9.0026	5.0656	1
2100	41	7.2907	6.4006	1
2100	42	12.866	3.7995	1
2100	43	12.606	4.3429	1
2100	44	7.2158	5.2345	1
2100	45	7.0161	5.756	1
2100	47	5.872	7.239	1
2100	49	-0.078083	7.1965	0
2100	50	7.3856	4.4023	1
2100	51	9.1876	6.3042	2
2100	52	9.1517	5.7975	2
2100	53	10.26	7.2314	2
2110	30	8.1166	8.3321	2
2110	36	9.6734	6.9042	1
2110	37	8.1745	7.6037	1
2110	40	9.441	4.966	1
2110	41	7.5662	6.2052	1
2110	42	13.555	3.8274	1
2110	43	13.259	4.3675	1
2110	44	7.6239	5.0756	1
2110	45	7.3861	5.5679	1
2110	47	6.3361	7.2846	1
2110	50	7.9935	4.3388	1
2110	51	8.7343	6.3961	2
2110	52	8.7779	5.9715	2
2110	53	9.7656	7.4462	2
2120	30	7.8268	8.356	2
2120	36	10.069	6.8359	1
2120	37	8.5478	7.5383	1
2120	40	9.8797	4.8668	1
2120	41	7.7556	5.9188	1
2120	42	14.195	3.8715	1
2120	43	13.898	4.4312	1
2120	44	8.0398	4.9784	1
2120	45	7.7422	5.404	1
2120	47	6.8048	7.3171	1
2120	50	8.6179	4.2512	1
2120	51	8.2502	6.5314	2
2120	52	8.4321	6.2274	2
2120	53	9.3447	7.6531	2
2130	30	7.542	8.3209	2
2130	36	10.465	6.7677	1
2130	37	8.9387	7.4531	1
2130	40	10.3	4.8119	1
2130	41	7.9615	5.7092	1
2130	42	14.834	3.9157	1
2130	43	14.536	4.4947	1
2130	44	8.4607	4.9228	1
2130	45	8.0427	5.3357	1
2130	47	7.2326	7.2934	1
2130	50	9.2422	4.1639	1
2130	51	7.7662	6.6665	2
2130	52	8.0945	6.3531	2
2130	53	8.9046	7.8054	2
2140	30	7.2573	8.2858	2
2140	36	10.876	6.656	1
2140	37	9.3297	7.3677	1
2140	40	10.677	4.861	1
2140	41	8.1835	5.5768	1
2140	42	15.473	3.9601	1
2140	43	15.175	4.5584	1
2140	44	8.8816	4.867	1
2140	45	8.3599	5.2734	1
2140	47	7.643	7.2457	1
2140	50	9.8624	4.1193	1
2140	51	7.2821	6.8018	2
2140	52	7.6744	6.4331	2
2140	53	8.4453	7.903	2
2150	30	6.9647	8.2631	2
2150	36	11.292	6.5336	1
2150	37	9.7205	7.2825	1
2150	40	11.055	4.9102	1
2150	41	8.4676	5.6085	1
2150	44	9.3026	4.8147	1
2150	45	8.8246	5.2634	1
2150	47	8.0928	7.1588	1
2150	50	10.48	4.1033	1
2150	51	6.7814	6.8099	2
2150	52	7.1291	6.4655	2
2150	53	7.9872	7.9414	2
2160	30	6.641	8.2906	2
2160	36	11.707	6.4109	1
2160	37	10.137	7.1794	1
2160	40	11.433	4.9591	1
2160	41	8.7785	5.7109	1
2160	44	9.7235	4.7644	1
2160	45	9.2895	5.2534	1
2160	47	8.5596	7.055	1
2160	50	11.097	4.0875	1
2160	51	6.2805	6.8183	2
2160	52	6.5749	6.4648	2
2160	53	7.5311	7.8419	2
2170	30	6.3171	8.3182	2
2170	36	12.123	6.2911	1
2170	37	10.591	7.0491	1
2170	40	11.745	4.9846	1
2170	41	9.1902	5.7961	1
2170	44	10.144	4.7142	1
2170	45	9.7334	5.2672	1
2170	47	9.0336	6.9803	1
2170	50	11.716	4.0768	1
2170	51	5.7758	6.8178	2
2170	52	5.9856	6.3312	2
2170	53	7.0752	7.7426	2
2180	30	5.9983	8.3471	2
2180	36	12.544	6.1956	1
2180	37	11.046	6.919	1
2180	40	12.051	5.0073	1
2180	41	9.669	5.8703	1
2180	44	10.565	4.6639	1
2180	45	10.168	5.2911	1
2180	47	9.5185	6.9491	1
2180	50	12.335	4.0699	1
2180	51	5.2357	6.7381	2
2180	52	5.3963	6.1975	2
2180	53	6.5269	7.6581	2
2190	30	5.6826	8.377	2
2190	36	12.965	6.1001	1
2190	37	11.5	6.7887	1
2190	40	12.357	5.03	1
2190	41	10.148	5.9443	1
2190	44	10.964	4.6228	1
2190	45	10.603	5.315	1
2190	47	10.007	6.9288	1
2190	50	12.953	4.0629	1
2190	51	4.6955	6.6586	2
2190	52	4.8049	6.1264	2
2190	53	5.9684	7.5755	2
2200	30	5.3669	8.4068	2
2200	36	13.386	6.0047	1
2200	37	11.954	6.6586	1
2200	40	12.662	5.0527	1
2200	41	10.611	5.9386	1
2200	44	11.356	4.5842	1
2200	45	11.056	5.3221	1
2200	47	10.529	7.0051	1
2200	50	13.582	4.072	1
2200	51	4.15	6.5734	2
2200	52	4.2125	6.0822	2
2200	53	5.39	7.5202	2
2210	30	5.1149	8.4617	2
2210	36	13.807	5.9092	1
2210	37	12.423	6.581	1
2210	40	13.024	4.9985	1
2210	41	11.067	5.899	1
2210	44	11.749	4.5455	1
2210	45	11.516	5.3221	1
2210	47	11.051	7.0815	1
2210	50	14.245	4.1453	1
2210	51	3.556	6.4369	2
2210	52	3.62	6.0381	2
2210	53	4.766	7.5285	2
2220	30	4.9588	8.554	2
2220	36	14.223	5.871	1
2220	37	12.891	6.5035	1
2220	40	13.409	4.9111	1
2220	41	11.523	5.8591	1
2220	44	12.143	4.508	1
2220	45	11.977	5.3221	1
2220	47	11.558	7.2421	1
2220	50	14.909	4.2188	1
2220	51	2.9623	6.3006	2
2220	52	2.9886	5.8825	2
2220	53	4.1417	7.5366	2
2230	30	4.8026	8.6464	2
2230	36	14.636	5.871	1
2230	37	13.359	6.4259	1
2230	40	13.794	4.8238	1
2230	41	11.941	5.8624	1
2230	44	12.553	4.483	1
2230	45	12.431	5.3221	1
2230	47	12.056	7.4593	1
2230	51	2.3783	6.1574	2
2230	52	2.3572	5.7269	2
2230	53	3.5175	7.5512	2
2240	30	4.6978	8.7142	2
2240	36	15.05	5.871	1
2240	37	13.828	6.3484	1
2240	40	14.179	4.7364	1
2240	41	12.343	5.8842	1
2240	44	12.962	4.4579	1
2240	45	12.879	5.3221	1
2240	47	12.53	7.661	1
2240	51	1.8169	5.9982	2
2240	52	1.745	5.5639	2
2240	53	2.8933	7.5751	2
2250	30	4.7123	8.7247	2
2250	37	14.2	6.3553	1
2250	40	14.599	4.7095	0
2250	41	12.745	5.9056	1
2250	44	13.372	4.4329	1
2250	45	13.327	5.3221	1
2250	47	12.968	7.84	1
2250	51	1.2558	5.8393	3
2250	52	1.1411	5.3978	3
2250	53	2.2688	7.5989	3
2260	30	4.727	8.7349	2
2260	37	14.573	6.362	1
2260	40	15.044	4.7228	0
2260	41	13.156	5.9083	1
2260	44	13.771	4.4152	1
2260	45	13.758	5.3071	1
2260	47	13.407	8.019	1
2260	51	0.70358	5.7109	3
2260	52	0.53732	5.2474	3
2260	53	1.6753	7.6132	3
2270	30	4.7418	8.7452	2
2270	37	14.946	6.3689	1
2270	41	13.583	5.8815	1
2270	44	14.143	4.4152	1
2270	45	14.162	5.2694	1
2270	47	13.914	8.0471	1
2270	51	0.15238	5.5858	3
2270	52	-0.065876	5.12	3
2270	53	1.1281	7.6132	3
2280	30	4.7563	8.7557	2
2280	37	15.319	6.3756	1
2280	41	14.01	5.855	1
2280	44	14.516	4.4152	1
2280	45	14.567	5.2317	1
2280	47	14.422	8.0751	1
2280	53	0.58088	7.6132	3
2290	30	4.771	8.766	2
2290	41	14.437	5.8285	1
2290	44	14.888	4.4152	1
2290	45	14.971	5.194	1
2290	47	14.929	8.1032	1
2290	53	0.033674	7.6132	3
2300	30	4.7856	8.7765	0
2300	41	14.895	5.8097	0
2300	44	15.26	4.4152	0
2310	30	4.8003	8.7867	0
2310	41	15.361	5.7925	0
2320	30	4.8148	8.7972	0
2330	30	4.8295	8.8075	0
2340	30	4.8443	8.818	0
2350	30	4.8588	8.8283	0
2360	30	4.8468	8.8285	0
2370	30	4.8283	8.8261	0
2380	30	4.8098	8.824	0
2390	30	4.7912	8.8216	0
2400	30	4.7725	8.8192	0
2410	30	4.754	8.8168	0
2420	30	4.7355	8.8144	0
2430	30	4.7169	8.8123	0
2440	30	4.6984	8.8099	0
2450	30	4.6797	8.8075	0
2460	30	4.5835	8.7793	0
2470	30	4.4358	8.7342	0
2480	30	4.2878	8.6891	0
2490	30	4.1398	8.644	0
2490	54	0.34727	4.5185	0
2500	30	4.0357	8.5798	0
2500	54	1.0576	4.5386	0
2510	30	3.9363	8.5135	0
2510	54	1.7679	4.5584	0
2520	30	3.837	8.4471	1
2520	54	2.4387	4.5932	0
2530	30	3.7675	8.4027	1
2530	54	3.1096	4.6281	0
2540	30	3.7684	8.4094	1
2540	54	3.7804	4.6627	0
2550	30	3.769	8.4161	1
2550	54	4.4513	4.6975	0
2560	30	3.7696	8.4228	1
2560	54	5.1261	4.7302	0
2570	30	3.7705	8.4292	1
2570	54	5.8164	4.7541	0
2580	30	3.7711	8.4359	1
2580	54	6.5067	4.778	0
2590	30	3.772	8.4426	1
2590	54	7.1971	4.8018	0
2600	30	3.7726	8.4493	1
2600	54	7.8874	4.8257	0
2610	30	3.7734	8.456	1
2610	54	8.5758	4.8376	0
2620	30	3.7741	8.4624	1
2620	54	9.2565	4.8021	0
2630	30	3.7749	8.4691	1
2630	54	9.9371	4.7665	0
2640	30	3.7755	8.4758	1
2640	54	10.618	4.731	0
2650	30	3.7764	8.4824	1
2650	54	11.298	4.6954	0
2660	30	3.777	8.4889	1
2660	54	11.973	4.6639	0
2670	30	3.7778	8.4956	1
2670	54	12.641	4.6364	0
2680	30	3.7785	8.5023	1
2680	54	13.308	4.609	0
2680	55	14.992	5.7572	0
2690	30	3.7793	8.5089	1
2690	54	13.976	4.5813	0
2690	55	14.427	5.8116	0
2700	30	3.78	8.5156	1
2700	54	14.644	4.5539	0
2700	55	13.861	5.8663	0
2710	30	3.7808	8.5221	1
2710	54	15.312	4.5262	0
2710	55	13.296	5.9209	0
2720	30	3.7814	8.5287	1
2720	55	12.695	5.9591	0
2720	56	0.14796	8.3567	0
2730	30	3.7821	8.5354	1
2730	55	12.069	5.9863	0
2730	56	0.40157	8.1731	0
2740	30	3.7829	8.5421	1
2740	55	11.444	6.0135	0
2740	56	0.65518	7.9896	0
2750	30	3.7835	8.5486	1
2750	55	10.824	6.0355	0
2750	56	0.90879	7.8061	0
2760	30	3.7844	8.5552	1
2760	55	10.259	6.008	0
2760	56	1.119	7.6092	0
2770	30	3.785	8.5619	1
2770	55	9.694	5.9808	0
2770	56	1.3003	7.4037	2
2780	30	3.7858	8.5686	1
2780	55	9.1287	5.9536	0
2780	56	1.4815	7.1982	2
2790	30	3.7865	8.5753	1
2790	55	8.5649	5.9192	0
2790	56	1.6627	6.9927	2
2790	57	0.57878	9.2939	2
2800	30	3.7873	8.5817	1
2800	55	8.0021	5.8806	0
2800	56	1.9413	6.8121	2
2800	57	0.68401	8.9292	2
2810	30	3.788	8.5884	1
2810	55	7.4393	5.8417	0
2810	56	2.2202	6.6314	2
2810	57	0.78924	8.5645	2
2820	30	3.8086	8.5918	1
2820	55	6.8763	5.8028	0
2820	56	2.4989	6.451	1
2820	57	0.89448	8.1999	1
2830	30	3.849	8.5918	1
2830	55	6.331	5.729	0
2830	56	2.74	6.3135	1
2830	57	1.206	7.9457	1
2840	30	3.8892	8.5918	1
2840	55	5.8269	5.5734	0
2840	56	2.8939	6.2768	1
2840	57	1.6058	7.739	1
2850	30	3.9296	8.5918	1
2850	55	5.3229	5.4181	0
2850	56	3.0477	6.24	1
2850	57	2.0057	7.5321	1
2860	30	3.97	8.5918	1
2860	55	4.8186	5.2627	0
2860	56	3.0063	6.2498	1
2860	57	2.4163	7.434	1
2870	30	4.0104	8.5918	1
2870	55	4.3145	5.1073	2
2870	56	2.8815	6.2796	2
2870	57	2.8316	7.3822	1
2880	30	4.0508	8.5918	1
2880	55	3.7597	4.988	2
2880	56	2.7565	6.3094	2
2880	57	3.2468	7.3307	1
2890	30	4.0921	8.5867	1
2890	55	3.2048	4.8687	2
2890	56	2.6314	6.3393	2
2890	57	3.6621	7.2791	1
2890	58	15.029	5.6405	3
2890	59	15.23	4.8064	3
2900	30	4.1371	8.561	1
2900	55	2.6323	4.8095	2
2900	56	2.5064	6.3691	2
2900	57	3.8077	7.2424	1
2900	58	14.42	5.7228	3
2900	59	14.637	4.8787	3
2910	30	4.1822	8.5354	1
2910	55	2.0556	4.7653	2
2910	56	2.3816	6.3989	2
2910	57	3.9536	7.2056	1
2910	58	13.81	5.8052	3
2910	59	14.044	4.951	3
2920	30	4.2274	8.5099	0
2920	55	1.4787	4.7238	0
2920	56	2.1829	6.503	0
2920	57	4.0449	7.1834	1
2920	58	13.202	5.8892	2
2920	59	13.451	5.0233	2
2930	30	4.2724	8.4844	0
2930	55	0.90184	4.7061	0
2930	56	1.8125	6.7798	0
2930	57	4.0548	7.1825	1
2930	58	12.6	5.9796	2
2930	59	12.857	5.1123	2
2940	30	4.3175	8.4588	0
2940	55	0.32496	4.6882	0
2940	56	1.4421	7.0567	0
2940	57	4.0647	7.1815	1
2940	58	11.997	6.0701	2
2940	59	12.263	5.2176	2
2950	30	4.3627	8.4333	0
2950	55	-0.25172	4.6706	0
2950	56	1.1155	7.3221	0
2950	57	4.0746	7.1808	1
2950	58	11.411	6.14	2
2950	59	11.668	5.3228	2
2960	30	4.4078	8.4077	0
2960	56	0.79977	7.5846	0
2960	57	4.0845	7.1798	1
2960	58	10.863	6.1617	2
2960	59	11.076	5.4214	2
2970	30	4.4528	8.382	0
2970	56	0.48407	7.8471	0
2970	57	4.0944	7.1789	2
2970	58	10.314	6.1834	1
2970	59	10.497	5.4586	1
2980	30	4.7639	8.2478	0
2980	56	0.29192	8.1161	0
2980	57	4.1043	7.1782	2
2980	58	9.7656	6.2052	1
2980	59	9.9182	5.4959	1
2980	60	15.111	8.0428	1
2980	61	15.029	5.4159	1
2980	62	14.757	4.5107	1
2990	30	5.1415	8.0863	0
2990	56	0.13049	8.3865	0
2990	57	4.1144	7.1772	2
2990	58	9.2194	6.16	1
2990	59	9.3394	5.5331	1
2990	60	14.681	7.8259	1
2990	61	14.413	5.3982	1
2990	62	14.131	4.5107	1
3000	30	5.5192	7.9249	0
3000	56	-0.030938	8.6569	0
3000	57	4.1243	7.1765	2
3000	58	8.6735	6.1149	1
3000	59	8.7593	5.4963	1
3000	60	14.25	7.609	1
3000	61	13.797	5.3803	1
3000	62	13.506	4.5107	1
3010	30	5.9202	7.7087	0
3010	57	4.1342	7.1755	2
3010	58	8.1273	6.0696	1
3010	59	8.1791	5.4512	1
3010	60	13.776	7.4627	1
3010	61	13.175	5.3565	1
3010	62	12.88	4.5107	1
3020	30	6.356	7.4104	0
3020	57	4.1441	7.1746	2
3020	58	7.5711	6.0164	1
3020	59	7.5988	5.4059	1
3020	60	13.29	7.3343	1
3020	61	12.544	5.3235	1
3020	62	12.326	4.5052	1
3020	63	-0.13891	7.3245	0
3030	30	6.7919	7.1121	0
3030	57	4.1539	7.1739	2
3030	58	6.9906	5.9441	1
3030	59	7.0283	5.3579	1
3030	60	12.796	7.2185	1
3030	61	11.912	5.2904	1
3030	62	11.771	4.4999	1
3030	63	0.32412	7.3323	0
3040	30	7.1072	6.745	0
3040	57	4.1638	7.1729	2
3040	58	6.4103	5.8717	1
3040	59	6.4964	5.2982	1
3040	60	12.267	7.1541	1
3040	61	11.281	5.2572	1
3040	62	11.216	4.4944	1
3040	63	0.78714	7.3405	0
3050	30	7.3421	6.3319	0
3050	57	4.1737	7.172	2
3050	58	5.8299	5.7994	1
3050	59	5.9644	5.2386	1
3050	60	11.738	7.0894	1
3050	61	10.675	5.2212	1
3050	62	10.661	4.489	1
3050	63	1.2502	7.3483	0
3050	64	-0.14038	5.2863	0
3050	65	-0.13049	4.6205	0
3060	30	7.5767	5.9188	0
3060	57	4.1836	7.1712	2
3060	58	5.2947	5.7925	1
3060	59	5.4323	5.1789	1
3060	60	11.209	7.025	1
3060	61	10.076	5.1844	1
3060	62	10.135	4.4737	1
3060	63	1.4417	7.4343	0
3060	64	0.3157	5.1968	0
3060	65	0.37463	4.6522	0
3070	30	7.5401	5.3897	0
3070	57	4.1935	7.1703	2
3070	58	4.7595	5.7858	1
3070	59	4.9148	5.1453	1
3070	60	10.677	6.9775	1
3070	61	9.4724	5.1582	1
3070	62	9.6277	4.4522	1
3070	63	1.4185	7.6323	0
3070	64	0.77178	5.1073	3
3070	65	0.87301	4.6551	3
3080	30	7.5035	4.8603	0
3080	57	4.2034	7.1696	2
3080	58	4.2242	5.7789	1
3080	59	4.4067	5.1288	1
3080	60	10.143	6.9469	1
3080	61	8.848	5.1741	1
3080	62	9.086	4.4391	1
3080	63	1.2062	7.9653	0
3080	64	1.2295	5.0138	3
3080	65	1.344	4.5415	3
3090	30	7.3943	4.4231	0
3090	57	4.2135	7.1686	2
3090	58	3.7046	5.8033	1
3090	59	3.8987	5.1123	1
3090	60	9.6086	6.9161	1
3090	61	8.2235	5.1901	1
3090	62	8.4916	4.4391	1
3090	63	1.0879	8.1841	0
3090	64	1.6942	4.9045	3
3090	65	1.8167	4.4353	3
3100	30	7.2541	4.0255	0
3100	57	4.2234	7.1677	2
3100	58	3.2005	5.8589	1
3100	59	3.3893	5.1909	1
3100	60	9.0742	6.8856	1
3100	61	7.6119	5.2176	1
3100	62	7.9156	4.4446	1
3100	63	0.9694	8.4027	0
3100	64	2.159	4.7952	3
3100	65	2.3056	4.3968	3
3110	30	7.1137	3.6276	0
3110	57	4.2333	7.167	2
3110	58	2.6965	5.9142	1
3110	59	2.8794	5.3102	1
3110	60	8.567	6.823	1
3110	61	7.0506	5.2908	1
3110	62	7.3473	4.4527	1
3110	63	0.85112	8.6216	0
3110	64	2.5637	4.7238	3
3110	65	2.7943	4.3582	3
3120	30	7.1257	3.573	1
3120	57	4.2432	7.166	2
3120	58	2.1922	5.9698	3
3120	59	2.3677	5.4133	3
3120	60	8.0779	6.7393	3
3120	61	6.4893	5.3644	3
3120	62	6.7791	4.4606	3
3120	63	0.73263	8.8404	0
3120	64	2.9535	4.6617	4
3120	65	3.2833	4.3197	4
3130	30	7.1377	3.5186	1
3130	57	4.2531	7.165	2
3130	58	1.686	6.0116	3
3130	59	1.8416	5.3708	3
3130	60	7.5887	6.6553	3
3130	61	5.9282	5.4379	3
3130	62	6.2315	4.5632	3
3130	63	0.65076	9.0552	0
3130	64	3.339	4.603	4
3130	65	3.7623	4.2787	4
3140	30	7.1497	3.4639	1
3140	57	4.263	7.1643	2
3140	58	1.1717	5.9982	3
3140	59	1.3154	5.3281	3
3140	60	7.0994	6.5715	3
3140	61	5.373	5.4954	3
3140	62	5.6927	4.7064	3
3140	63	0.60509	9.266	0
3140	64	3.6867	4.572	4
3140	65	4.2413	4.2374	4
3140	66	-0.12249	7.324	0
3150	30	7.1596	3.4484	1
3150	57	4.2729	7.1634	2
3150	58	0.65707	5.9851	3
3150	59	0.79093	5.3095	3
3150	60	6.6315	6.4395	3
3150	61	4.8316	5.5157	3
3150	62	5.1522	4.84	3
3150	63	0.55942	9.4767	0
3150	64	4.0346	4.5407	4
3150	65	4.7138	4.2018	4
3150	66	0.38494	7.5767	0
3160	30	7.1674	3.4715	1
3160	57	4.2828	7.1627	2
3160	58	0.1427	5.9717	3
3160	59	0.27024	5.3472	3
3160	60	6.166	6.3021	3
3160	61	4.2905	5.5362	3
3160	62	4.605	4.9355	3
3160	63	0.51396	9.6877	0
3160	64	4.4762	4.5345	4
3160	65	5.1288	4.215	4
3160	66	0.87911	7.8116	0
3170	30	7.175	3.4949	1
3170	57	4.2926	7.1617	2
3170	59	-0.25024	5.3849	0
3170	60	5.7004	6.1646	3
3170	61	3.7492	5.5567	3
3170	62	4.0449	4.9983	3
3170	63	0.46828	9.8984	0
3170	64	4.9415	4.5345	4
3170	65	5.5441	4.2283	4
3170	66	1.2514	7.8848	0
3180	30	7.1828	3.5181	1
3180	57	4.3025	7.1607	2
3180	60	5.2157	6.0402	3
3180	61	3.1972	5.5202	3
3180	62	3.4335	4.93	3
3180	63	0.42261	10.109	0
3180	64	5.5121	4.6348	4
3180	65	5.9591	4.2415	4
3180	66	1.6237	7.9583	0
3190	30	7.1905	3.5415	1
3190	57	4.3126	7.16	2
3190	60	4.7182	5.9245	3
3190	61	2.6424	5.4696	3
3190	62	2.8244	4.8629	3
3190	63	0.37715	10.32	0
3190	64	6.0944	4.7462	4
3190	65	6.4247	4.2675	4
3190	66	1.9878	8.0075	0
3190	67	1.2087	0.51479	0
3200	30	7.1981	3.5649	1
3200	57	4.3055	7.1615	2
3200	60	4.2209	5.8087	3
3200	61	2.0874	5.419	3
3200	62	2.2351	4.8057	3
3200	64	6.6766	4.8574	4
3200	65	6.9405	4.3059	4
3200	66	2.3433	8.0321	0
3200	67	1.0984	1.2764	0
3210	30	7.2059	3.588	1
3210	57	4.2943	7.1634	2
3210	60	3.7084	5.697	3
3210	61	1.5438	5.4147	3
3210	62	1.6458	4.7484	3
3210	64	7.2171	4.9142	4
3210	65	7.4566	4.3443	4
3210	66	2.699	8.0569	0
3210	67	1.034	2.0265	0
3210	68	3.0242	3.1832	0
3220	30	7.2135	3.6114	0
3220	57	4.2832	7.1653	1
3220	60	3.1612	5.5949	2
3220	61	1.0115	5.457	2
3220	62	1.0799	4.7419	2
3220	64	7.7527	4.9648	3
3220	65	7.9878	4.3739	3
3220	66	3.1046	8.0421	0
3220	67	1.1529	2.7322	4
3220	68	2.8863	3.5866	4
3230	30	7.1926	3.6556	0
3230	57	4.272	7.1672	1
3230	60	2.614	5.4925	2
3230	61	0.47902	5.499	2
3230	62	0.52932	4.7696	2
3230	64	8.2885	5.0154	3
3230	65	8.5421	4.3897	3
3230	66	3.5436	8.0013	0
3230	67	1.2718	3.4377	4
3230	68	2.7485	3.9897	4
3240	30	7.1049	3.7484	0
3240	57	4.2607	7.1691	1
3240	60	2.0668	5.3904	2
3240	61	-0.053248	5.5412	2
3240	62	-0.021047	4.7971	2
3240	64	8.8418	5.0357	3
3240	65	9.0963	4.4057	3
3240	66	3.9826	7.9603	0
3240	67	1.529	3.7863	4
3240	68	2.6003	4.4185	4
3250	30	7.0173	3.841	0
3250	57	4.2495	7.1712	1
3250	60	1.5574	5.3317	2
3250	64	9.4072	5.0357	3
3250	65	9.6597	4.409	3
3250	66	4.4244	7.9183	0
3250	67	1.8441	4.0627	4
3250	68	2.4279	4.9066	4
3260	30	6.9296	3.9338	0
3260	57	4.2383	7.1732	1
3260	60	1.0576	5.2839	2
3260	64	9.9725	5.0357	3
3260	65	10.237	4.3937	3
3260	66	4.8914	7.866	0
3260	67	2.3296	4.2095	4
3260	68	2.2387	5.3877	4
3260	69	0	4.2243	0
3260	70	-0.15827	3.8976	0
3270	30	6.9222	3.9751	1
3270	57	4.227	7.1751	2
3270	60	0.55773	5.2362	0
3270	64	10.539	5.0324	1
3270	65	10.814	4.3782	1
3270	66	5.3582	7.814	1
3270	67	2.9265	4.2694	1
3270	68	1.8967	5.8054	0
3270	69	0.50869	4.2839	1
3270	70	0.34264	3.9386	1
3280	30	6.9493	3.9944	1
3280	57	4.2158	7.177	2
3280	60	0.057878	5.1885	0
3280	64	11.113	5.0002	1
3280	65	11.387	4.3582	1
3280	66	5.8253	7.7617	1
3280	67	3.5358	4.3197	1
3280	68	1.5547	6.2231	0
3280	69	1.0172	4.3436	1
3280	70	0.84333	3.9799	1
3290	30	6.9765	4.0138	1
3290	57	4.2047	7.1789	2
3290	64	11.688	4.9679	1
3290	65	11.952	4.3267	1
3290	66	6.3426	7.7304	1
3290	67	4.0971	4.2971	1
3290	68	1.1653	6.5374	0
3290	69	1.5153	4.4009	1
3290	70	1.344	4.0209	1
3300	30	7.0036	4.0329	1
3300	57	4.1935	7.181	2
3300	64	12.262	4.9357	1
3300	65	12.517	4.2952	1
3300	66	6.8656	7.7016	1
3300	67	4.6582	4.2744	1
3300	68	0.75536	6.8075	0
3300	69	2.0064	4.4565	1
3300	70	1.8479	4.0835	1
3310	30	7.0308	4.0522	1
3310	57	4.1822	7.1829	2
3310	64	12.83	4.9333	1
3310	65	13.082	4.2639	1
3310	66	7.3886	7.6724	1
3310	67	5.1924	4.1596	1
3310	68	0.34558	7.0775	0
3310	69	2.4976	4.5123	1
3310	70	2.353	4.1551	1
3320	30	7.0579	4.0715	1
3320	57	4.171	7.1849	0
3320	64	13.386	4.9758	1
3320	65	13.632	4.2553	1
3320	66	7.9114	7.6066	1
3320	67	5.7236	4.0345	1
3320	68	-0.064192	7.3476	0
3320	69	3.0097	4.5792	1
3320	70	2.8581	4.2267	1
3330	30	7.2339	4.1209	1
3330	57	4.1598	7.1868	0
3330	64	13.943	5.0183	1
3330	65	14.168	4.2699	1
3330	66	8.4338	7.5161	1
3330	67	6.1426	3.9458	1
3330	69	3.5358	4.6539	1
3330	70	3.3799	4.2617	1
3340	30	7.5582	4.2004	1
3340	57	4.1485	7.1887	0
3340	64	14.499	5.0605	1
3340	65	14.704	4.2844	1
3340	66	8.9563	7.4257	1
3340	67	6.5335	3.8663	1
3340	69	4.062	4.7283	1
3340	70	3.909	4.2811	1
3350	30	7.8825	4.2734	1
3350	57	4.1373	7.1908	0
3350	64	15.056	5.103	1
3350	65	15.24	4.2987	1
3350	66	9.4962	7.3538	1
3350	67	6.9531	3.8863	1
3350	69	4.5808	4.8152	1
3350	70	4.4379	4.3004	1
3360	30	8.2048	4.2885	1
3360	57	4.1262	7.1927	0
3360	66	10.043	7.2903	1
3360	67	7.385	3.9491	1
3360	69	5.0882	4.9207	1
3360	70	4.967	4.3197	1
3370	30	8.5272	4.3033	1
3370	57	4.115	7.1946	0
3370	66	10.591	7.2266	1
3370	67	7.7521	4.1617	1
3370	69	5.5958	5.0259	1
3370	70	5.4961	4.4083	1
3370	71	0.16437	9.2094	1
3380	30	8.8494	4.3183	1
3380	57	4.1036	7.1965	0
3380	66	11.113	7.2672	1
3380	67	8.1029	4.4119	1
3380	69	6.1035	5.1312	1
3380	70	6.0254	4.4971	1
3380	71	0.43145	8.9617	1
3390	30	9.0109	4.2708	1
3390	57	4.0925	7.1985	0
3390	66	11.624	7.3524	1
3390	67	8.3942	4.4956	1
3390	69	6.6355	5.1975	1
3390	70	6.5545	4.5856	1
3390	71	0.69853	8.7139	1
3400	30	9.1542	4.2166	1
3400	57	4.0813	7.2004	0
3400	66	12.135	7.4376	1
3400	67	8.66	4.508	1
3400	69	7.1676	5.2639	1
3400	70	7.08	4.6921	1
3400	71	0.99697	8.4168	1
3400	72	0.18942	4.7071	0
3410	30	9.1988	4.2014	1
3410	57	4.0702	7.2025	0
3410	66	12.616	7.7292	1
3410	67	8.7149	4.5016	1
3410	69	7.6994	5.33	1
3410	70	7.602	4.8162	1
3410	71	1.3089	8.0984	1
3410	72	0.82081	4.8539	0
3420	30	9.2011	4.2026	2
3420	57	4.0588	7.2044	3
3420	66	13.095	8.044	1
3420	67	8.7173	4.4901	2
3420	69	8.2328	5.3889	1
3420	70	8.124	4.9403	1
3420	71	1.6206	7.7803	1
3420	72	1.4522	5.0009	1
3430	30	9.2032	4.2038	2
3430	57	4.0477	7.2063	3
3430	66	13.545	8.2118	1
3430	67	8.7196	4.4789	2
3430	69	8.768	5.4367	1
3430	70	8.6853	4.9314	1
3430	71	2.0007	7.5956	1
3430	72	2.0933	5.1202	1
3440	30	9.2053	4.2049	2
3440	57	4.1251	7.214	3
3440	66	13.982	8.3168	1
3440	67	8.7217	4.4675	2
3440	69	9.3032	5.4844	1
3440	70	9.2464	4.9226	1
3440	71	2.381	7.4109	1
3440	72	2.7409	5.2212	1
3450	30	9.2076	4.2061	2
3450	57	4.3356	7.2297	3
3450	66	14.421	8.4035	1
3450	67	8.724	4.456	2
3450	69	9.8384	5.5321	1
3450	70	9.8064	4.9142	1
3450	71	2.7611	7.2259	1
3450	72	3.3885	5.3221	1
3460	30	9.2097	4.2076	2
3460	57	4.546	7.2457	3
3460	66	14.866	8.4168	1
3460	67	8.7261	4.4448	2
3460	69	10.415	5.4928	1
3460	70	10.364	4.9073	1
3460	71	3.2008	7.0099	1
3460	72	4.0462	5.4116	1
3470	30	9.2118	4.2088	2
3470	57	4.8028	7.2319	1
3470	66	15.31	8.4299	0
3470	67	8.7284	4.4333	2
3470	69	10.997	5.4436	1
3470	70	10.921	4.9002	1
3470	71	3.6469	6.7903	1
3470	72	4.7039	5.5011	1
3480	30	9.2142	4.21	2
3480	57	5.1292	7.1734	1
3480	67	8.7307	4.4221	2
3480	69	11.579	5.3944	1
3480	70	11.478	4.8932	1
3480	71	4.0992	6.6247	1
3480	72	5.3616	5.5906	1
3490	30	9.2163	4.2112	2
3490	57	5.4557	7.1149	1
3490	67	8.7328	4.4107	2
3490	69	12.15	5.3534	1
3490	70	12.067	4.8601	1
3490	71	4.561	6.54	1
3490	72	6.0208	5.6593	1
3500	30	9.2186	4.2123	2
3500	57	5.7821	7.0565	1
3500	67	8.7351	4.3992	2
3500	69	12.709	5.3204	1
3500	70	12.661	4.8238	1
3500	71	5.0227	6.4553	1
3500	72	6.6802	5.7231	1
3510	30	9.2207	4.2135	2
3510	57	6.1085	6.998	1
3510	67	8.7372	4.388	2
3510	69	13.267	5.2875	1
3510	70	13.254	4.7878	1
3510	71	5.5018	6.3624	1
3510	72	7.3395	5.7868	1
3520	30	9.2228	4.215	2
3520	57	6.5141	6.955	1
3520	67	8.7396	4.3765	2
3520	69	13.87	5.2908	1
3520	70	13.838	4.7885	1
3520	71	6.0218	6.25	1
3520	72	7.9438	5.9214	1
3530	30	9.2251	4.2162	2
3530	57	6.9986	6.9273	1
3530	67	8.7417	4.3651	2
3530	69	14.501	5.3185	1
3530	70	14.417	4.814	1
3530	71	6.5417	6.1379	1
3530	72	8.5344	6.0739	1
3540	30	9.2272	4.2174	2
3540	57	7.4833	6.8994	1
3540	67	8.744	4.3539	2
3540	69	15.132	5.346	1
3540	70	14.996	4.8398	1
3540	71	7.0617	6.0254	1
3540	72	9.1249	6.2264	1
3550	30	9.2293	4.2186	2
3550	57	7.9678	6.8717	1
3550	67	8.7463	4.3424	2
3550	71	7.6007	5.9221	1
3550	72	9.7031	6.3975	1
3560	30	9.2316	4.2197	2
3560	57	8.4464	6.8333	1
3560	67	8.7484	4.3312	2
3560	71	8.1421	5.82	1
3560	72	10.232	6.6429	1
3570	30	9.2337	4.2212	1
3570	57	8.9008	6.7519	2
3570	67	8.7507	4.3197	1
3570	71	8.6832	5.7176	2
3570	72	10.761	6.8884	0
3580	30	9.2358	4.2224	1
3580	57	9.3552	6.6705	2
3580	67	8.7528	4.3083	1
3580	71	9.2241	5.6212	2
3580	72	11.291	7.1338	0
3590	30	9.2382	4.2236	1
3590	57	9.8096	6.5892	2
3590	67	8.7551	4.2971	1
3590	71	9.7641	5.5338	2
3590	72	11.699	7.503	0
3600	30	9.3337	4.2357	1
3600	57	10.264	6.5078	2
3600	67	8.8785	4.167	1
3600	71	10.304	5.4462	2
3600	72	12.055	7.9254	0
3610	30	9.5694	4.2644	1
3610	57	10.746	6.4426	2
3610	67	9.0153	4.0238	1
3610	71	10.845	5.356	2
3610	72	12.394	8.3502	0
3620	30	9.8051	4.293	1
3620	57	11.236	6.3818	1
3620	67	9.525	3.9276	1
3620	71	11.387	5.262	1
3620	72	12.578	8.7977	0
3620	73	15.219	9.8862	0
3630	30	10.241	4.3572	1
3630	57	11.725	6.3207	1
3630	67	10.076	3.8367	1
3630	71	11.93	5.1682	1
3630	72	12.762	9.2452	0
3630	73	15.002	9.8719	0
3640	30	10.7	4.4255	1
3640	57	12.215	6.2596	1
3640	67	10.665	3.8484	1
3640	71	12.473	5.077	1
3640	72	12.946	9.6927	0
3640	73	14.786	9.8574	0
3650	30	11.165	4.4961	1
3650	57	12.732	6.1901	1
3650	67	11.264	3.8856	1
3650	71	13.027	5.0135	1
3650	72	13.098	10.138	0
3650	73	14.569	9.8428	0
3660	30	11.688	4.5885	1
3660	57	13.278	6.1121	1
3660	67	11.862	3.9229	1
3660	71	13.581	4.9498	1
3660	72	13.246	10.583	0
3660	73	14.368	9.7707	0
3670	30	12.21	4.6808	1
3670	57	13.823	6.0343	1
3670	67	12.42	3.9923	1
3670	71	14.134	4.8913	1
3670	72	13.394	11.028	0
3670	73	14.207	9.5638	0
3680	30	12.733	4.7732	1
3680	57	14.369	5.9562	1
3680	67	12.949	4.0828	1
3680	71	14.67	4.8794	1
3680	72	13.535	11.467	0
3680	73	14.046	9.3571	0
3690	30	13.259	4.8099	1
3690	57	14.914	5.8784	1
3690	67	13.479	4.1732	1
3690	71	15.207	4.8675	1
3690	72	13.65	11.883	0
3690	73	13.877	9.1407	0
3700	30	13.785	4.8467	1
3700	67	14.026	4.256	1
3700	72	13.766	12.299	0
3700	73	13.689	8.902	0
3710	30	14.306	4.8913	1
3710	67	14.579	4.3357	1
3710	72	13.881	12.714	0
3710	73	13.503	8.6634	0
3720	30	14.817	4.9481	0
3720	67	15.132	4.4152	0
3720	73	13.315	8.4247	0
3730	30	15.328	5.0049	0
3730	73	13.012	8.1364	0
3740	73	12.66	7.8268	0
3750	73	12.307	7.5171	0
3760	73	11.954	7.2075	0
3770	73	11.5	7.0261	0
3780	73	11.045	6.8448	0
3790	73	10.559	6.767	0
3800	73	10.04	6.7925	0
3810	73	9.5212	6.818	0
3820	73	9.0203	6.8314	0
3830	73	8.5268	6.8398	0
3840	73	8.0332	6.8479	0
3850	73	7.4957	6.8901	0
3860	73	6.9472	6.9407	0
3870	73	6.3988	6.9913	0
3880	73	5.8678	7.0457	0
3890	73	5.3544	7.1039	0
3900	73	4.8411	7.1622	0
3910	73	4.3278	7.2204	0
3920	73	3.8281	7.2791	0
3930	73	3.3487	7.3388	0
3940	73	2.8693	7.3985	0
3950	73	2.39	7.4581	0
3960	73	1.8832	7.5082	0
3970	73	1.3697	7.556	0
3980	73	0.86754	7.5801	0
3990	73	0.39168	7.5488	0
3990	74	0.19889	5.378	0
4000	73	-0.084186	7.5178	0
4000	74	0.7722	5.4192	0
4010	74	1.3455	5.4603	0
4020	74	1.9056	5.4913	0
4030	74	2.4349	5.498	0
4030	75	15.09	8.0906	0
4040	74	2.964	5.5049	0
4040	75	14.724	8.0376	0
4050	74	3.4931	5.5116	0
4050	75	14.358	7.9846	0
4060	74	4.0599	5.5221	0
4060	75	14.004	7.9321	0
4070	74	4.6363	5.5336	0
4070	75	13.678	7.8815	0
4080	74	5.2126	5.5448	0
4080	75	13.353	7.8309	0
4090	74	5.7888	5.5562	0
4090	75	13.028	7.7803	0
4100	74	6.3855	5.5787	0
4100	75	12.691	7.6292	0
4110	74	6.9959	5.6085	0
4110	75	12.354	7.4779	0
4120	74	7.6062	5.6383	0
4120	75	12.018	7.3269	0
4120	76	14.843	4.8059	1
4120	77	14.808	4.0334	1
4130	74	8.2166	5.6682	0
4130	75	11.692	7.2183	0
4130	76	14.225	4.7687	1
4130	77	14.202	4.0334	1
4140	74	8.785	5.755	0
4140	75	11.367	7.1099	0
4140	76	13.607	4.7314	1
4140	77	13.596	4.0334	1
4150	74	9.3255	5.8796	0
4150	75	11.042	7.0013	0
4150	76	12.992	4.7016	1
4150	77	13.02	4.0193	1
4160	74	9.866	6.0044	0
4160	75	10.716	7.0035	0
4160	76	12.389	4.7016	1
4160	77	12.445	4.0052	1
4170	74	10.406	6.1293	0
4170	75	10.389	7.0529	1
4170	76	11.787	4.7016	1
4170	77	11.869	3.9913	1
4180	74	10.943	6.2572	0
4180	75	10.062	7.1023	1
4180	76	11.181	4.7057	1
4180	77	11.24	3.9856	1
4190	74	11.463	6.3975	0
4190	75	9.734	7.1598	1
4190	76	10.568	4.7193	1
4190	77	10.576	3.9856	1
4190	78	14.942	5.787	1
4190	79	15.181	4.9352	1
4200	74	11.983	6.5378	0
4200	75	9.4053	7.2195	1
4200	76	9.9544	4.7329	1
4200	77	9.9116	3.9856	1
4200	78	14.448	5.7455	1
4200	79	14.624	4.9608	1
4210	74	12.503	6.6782	0
4210	75	9.0763	7.2791	1
4210	76	9.3411	4.7467	1
4210	77	9.2632	4.0195	1
4210	78	13.954	5.704	1
4210	79	14.068	4.9863	1
4220	74	13.023	6.6634	0
4220	75	8.7412	7.3109	1
4220	76	8.7002	4.8006	1
4220	77	8.6385	4.1042	1
4220	78	13.421	5.7338	1
4220	79	13.512	5.0119	1
4230	74	13.542	6.6099	0
4230	75	8.4022	7.3242	1
4230	76	8.0528	4.8651	1
4230	77	8.0139	4.189	1
4230	78	12.888	5.7636	1
4230	79	12.979	5.0789	1
4240	74	14.062	6.5562	0
4240	75	8.0631	7.3374	1
4240	76	7.4183	4.9178	1
4240	77	7.4006	4.2481	1
4240	78	12.356	5.7935	1
4240	79	12.446	5.146	1
4250	74	14.582	6.5028	0
4250	75	7.7241	7.3507	1
4250	76	6.8363	4.9247	1
4250	77	6.8136	4.2481	1
4250	78	11.866	5.8978	1
4250	79	11.914	5.2133	1
4250	80	14.87	4.8431	0
4260	74	15.102	6.4491	0
4260	75	7.4282	7.2911	1
4260	76	6.2546	4.9319	1
4260	77	6.2264	4.2481	1
4260	78	11.388	6.0207	1
4260	79	11.394	5.2729	1
4260	80	14.348	4.9171	0
4270	75	7.132	7.2314	1
4270	76	5.6727	4.9388	1
4270	77	5.6394	4.2481	1
4270	78	10.91	6.1436	1
4270	79	10.877	5.3307	1
4270	80	13.825	4.9913	1
4280	75	6.8361	7.1717	1
4280	76	5.0785	4.9145	1
4280	77	5.036	4.2515	1
4280	78	10.44	6.2715	1
4280	79	10.361	5.3887	1
4280	80	13.281	5.1097	1
4290	75	6.5063	7.119	1
4290	76	4.4812	4.8823	1
4290	77	4.4162	4.2582	1
4290	78	9.9777	6.404	1
4290	79	9.8727	5.4682	1
4290	80	12.704	5.2944	1
4290	81	14.925	5.64	1
4300	75	6.1681	7.0677	1
4300	76	3.8839	4.85	1
4300	77	3.7966	4.2646	1
4300	78	9.516	6.5367	1
4300	79	9.4135	5.5694	1
4300	80	12.127	5.4792	1
4300	81	14.445	5.745	1
4300	82	15.232	5.0014	0
4310	75	5.8299	7.0166	1
4310	76	3.2902	4.8202	1
4310	77	3.1768	4.2713	1
4310	78	9.054	6.6691	1
4310	79	8.9542	5.6708	1
4310	80	11.551	5.6703	1
4310	81	13.966	5.85	1
4310	82	14.733	5.0543	0
4310	83	15.021	5.5223	0
4320	75	5.4999	7.0488	1
4320	76	2.7291	4.8131	1
4320	77	2.6024	4.2594	1
4320	78	8.6133	6.7779	1
4320	79	8.4891	5.7722	1
4320	80	10.978	5.876	1
4320	81	13.499	5.9601	1
4320	82	14.234	5.1073	1
4320	83	14.54	5.6161	1
4330	75	5.1701	7.081	1
4330	76	2.1678	4.8057	1
4330	77	2.0329	4.2453	1
4330	78	8.1749	6.8839	1
4330	79	8	5.8756	1
4330	80	10.404	6.0818	1
4330	81	13.036	6.0715	1
4330	82	13.735	5.1658	1
4330	83	14.059	5.7099	1
4340	75	4.8401	7.1133	1
4340	76	1.6065	4.7985	1
4340	77	1.4634	4.2312	1
4340	78	7.7363	6.9901	1
4340	79	7.5107	5.9787	1
4340	80	9.8647	6.3142	1
4340	81	12.573	6.183	1
4340	82	13.227	5.2727	1
4340	83	13.577	5.7887	1
4350	75	4.4983	7.1359	1
4350	76	1.0614	4.7563	1
4350	77	0.91068	4.208	1
4350	78	7.2874	7.0956	1
4350	79	7.0215	6.082	1
4350	80	9.3762	6.587	1
4350	81	12.118	6.3152	1
4350	82	12.719	5.3796	1
4350	83	13.092	5.8319	1
4360	75	4.1287	7.1359	1
4360	76	0.52006	4.7049	1
4360	77	0.37505	4.1754	1
4360	78	6.8138	7.2001	1
4360	79	6.5537	6.1877	1
4360	80	8.8877	6.8598	1
4360	81	11.665	6.4524	1
4360	82	12.21	5.4844	1
4360	83	12.607	5.8753	1
4370	75	3.7591	7.1359	1
4370	76	-0.021047	4.6539	0
4370	77	-0.1608	4.1429	0
4370	78	6.3403	7.3044	1
4370	79	6.1073	6.2963	1
4370	80	8.4194	7.1407	1
4370	81	11.213	6.5899	1
4370	82	11.698	5.5799	1
4370	83	12.123	5.9188	1
4380	75	3.3895	7.1359	1
4380	78	5.8739	7.4059	1
4380	79	5.6609	6.4047	1
4380	80	7.9648	7.4271	1
4380	81	10.773	6.7135	1
4380	82	11.186	5.6753	1
4380	83	11.714	6.1013	1
4390	75	3.0256	7.135	1
4390	78	5.4708	7.481	1
4390	79	5.2195	6.5219	1
4390	80	7.5067	7.7035	1
4390	81	10.346	6.823	1
4390	82	10.689	5.7651	1
4390	83	11.306	6.2837	1
4400	75	2.6841	7.1295	1
4400	78	5.068	7.556	1
4400	79	4.7986	6.6729	1
4400	80	7.0154	7.8891	1
4400	81	9.9196	6.9328	1
4400	82	10.255	5.8321	1
4400	83	10.897	6.4662	1
4410	75	2.3427	7.1242	1
4410	78	4.6652	7.6309	1
4410	79	4.3777	6.824	1
4410	80	6.5398	8.0416	1
4410	81	9.493	7.0424	1
4410	82	9.8209	5.8994	1
4410	83	10.481	6.6455	1
4420	75	2.0013	7.119	1
4420	78	4.2365	7.703	1
4420	79	3.965	6.9622	1
4420	80	6.0997	8.1178	1
4420	81	9.071	7.1264	1
4420	82	9.3867	5.9665	1
4420	83	10.06	6.8226	1
4430	75	1.6599	7.1137	1
4430	78	3.7909	7.7734	1
4430	79	3.5849	7.0483	1
4430	80	5.6518	8.186	1
4430	81	8.6501	7.2039	1
4430	82	8.9892	6.1257	1
4430	83	9.6393	6.9997	1
4440	75	1.3365	7.0927	1
4440	78	3.3451	7.8436	1
4440	79	3.205	7.1345	1
4440	80	5.1337	8.186	1
4440	81	8.2292	7.2815	1
4440	82	8.5916	6.2846	1
4440	83	9.2245	7.1257	1
4450	75	1.0208	7.0653	1
4450	78	2.9122	7.9116	1
4450	79	2.8249	7.2209	1
4450	80	4.6157	8.186	1
4450	81	7.8083	7.3591	1
4450	82	8.194	6.4438	1
4450	83	8.8155	7.2006	1
4460	75	0.70506	7.0376	1
4460	78	2.5308	7.9712	1
4460	79	2.4334	7.3245	1
4460	80	4.1636	8.1901	1
4460	81	7.3917	7.4333	1
4460	82	7.7988	6.5789	1
4460	83	8.4066	7.2758	1
4470	75	0.38936	7.0102	1
4470	78	2.1493	8.0309	1
4470	79	2.0344	7.4395	1
4470	80	3.7778	8.198	1
4470	81	6.9761	7.5068	1
4470	82	7.4069	6.6775	1
4470	83	7.9977	7.3507	1
4480	75	0.073663	6.9827	1
4480	78	1.7679	8.0906	1
4480	79	1.6351	7.5548	1
4480	80	3.3921	8.2058	1
4480	81	6.5606	7.5803	1
4480	82	7.015	6.7763	1
4480	83	7.565	7.4369	1
4490	75	-0.24203	6.955	1
4490	78	1.4362	8.1992	1
4490	79	1.2518	7.6755	1
4490	80	3.0568	8.2035	1
4490	81	6.1449	7.6536	1
4490	82	6.657	6.8901	1
4490	83	7.1325	7.523	1
4500	78	1.1045	8.3075	1
4500	79	0.87575	7.7984	1
4500	80	2.7725	8.1906	1
4500	81	5.7587	7.749	1
4500	82	6.3327	7.0192	1
4500	83	6.6997	7.6092	1
4500	84	-0.064823	5.234	0
4500	85	0.060193	9.8259	0
4510	78	0.77304	8.4161	1
4510	79	0.49943	7.9214	1
4510	80	2.4881	8.1777	1
4510	81	5.3755	7.8469	1
4510	82	6.0086	7.1481	1
4510	83	6.3078	7.6911	1
4510	84	0.41293	5.2157	0
4510	85	0.12018	9.7237	0
4520	78	0.5169	8.5531	1
4520	79	0.15427	8.0507	0
4520	80	2.2036	8.1648	1
4520	81	4.9924	7.945	1
4520	82	5.6842	7.2772	1
4520	83	5.9772	7.766	1
4520	84	0.89048	5.1973	0
4520	85	0.18037	9.6213	0
4530	78	0.29339	8.7023	1
4530	79	-0.14375	8.1901	0
4530	80	1.8681	8.103	1
4530	81	4.6092	8.0428	1
4530	82	5.3597	7.3849	1
4530	83	5.6466	7.8409	1
4530	84	1.368	5.1789	0
4530	85	0.24056	9.5192	0
4540	78	0.069664	8.8514	1
4540	80	1.5198	8.0288	1
4540	81	4.2912	8.0588	1
4540	82	5.035	7.487	1
4540	83	5.3157	7.9161	1
4540	84	1.8609	5.1789	0
4540	85	0.30244	9.4101	0
4550	78	-0.15385	9.0006	1
4550	80	1.1714	7.9548	1
4550	81	3.9732	8.0746	1
4550	82	4.7102	7.5894	1
4550	83	4.9771	7.982	1
4550	84	2.3538	5.1789	0
4550	85	0.37989	9.2404	0
4560	80	0.8265	7.8498	1
4560	81	3.6551	8.0906	1
4560	82	4.3901	7.6841	1
4560	83	4.6374	8.0471	1
4560	84	2.8468	5.1789	0
4560	85	0.45755	9.071	0
4570	80	0.48218	7.7412	0
4570	81	3.3371	8.1066	1
4570	82	4.0805	7.7615	1
4570	83	4.2977	8.1123	1
4570	84	3.3458	5.1737	0
4570	85	0.535	8.9013	0
4580	80	0.13785	7.6328	0
4580	81	3.04	8.1257	1
4580	82	3.7711	7.8385	1
4580	83	3.9582	8.1774	1
4580	84	3.8692	5.1479	0
4580	85	0.6034	8.7137	0
4590	81	2.7636	8.1481	1
4590	82	3.4615	7.9159	1
4590	83	3.6551	8.2338	1
4590	84	4.3924	5.1221	0
4590	85	0.65013	8.4839	0
4600	81	2.4875	8.1703	1
4600	82	3.1881	7.9235	1
4600	83	3.3885	8.2815	1
4600	84	4.9158	5.0963	0
4600	85	0.69685	8.254	0
4610	81	2.2048	8.203	1
4610	82	2.9187	7.9235	1
4610	83	3.1218	8.3292	1
4610	84	5.4338	5.1446	0
4610	85	0.68401	8.0593	0
4620	81	1.9079	8.2591	1
4620	82	2.6584	7.9316	1
4620	83	2.8482	8.3696	1
4620	84	5.9465	5.267	0
4620	85	0.6314	7.8877	0
4630	81	1.6107	8.3151	1
4630	82	2.4119	7.9521	1
4630	83	2.5677	8.4027	1
4630	84	6.4592	5.3894	0
4630	85	0.57878	7.7161	0
4640	81	1.3135	8.3712	1
4640	82	2.1655	7.9727	1
4640	83	2.2871	8.4359	1
4640	84	6.9719	5.5118	0
4640	85	0.46302	7.5612	0
4650	81	1.0487	8.5548	1
4650	82	1.9188	7.993	1
4650	83	2.0064	8.4691	1
4650	84	7.4856	5.6126	0
4650	85	0.25256	7.4309	0
4660	81	0.78735	8.7521	1
4660	82	1.5785	8.0211	1
4660	83	1.7178	8.5128	1
4660	84	8	5.6987	0
4660	85	0.042093	7.3008	0
4670	81	0.52616	8.9497	1
4670	82	1.2276	8.05	1
4670	83	1.4284	8.5574	1
4670	84	8.5146	5.7849	0
4680	81	0.38957	9.1755	1
4680	82	0.87701	8.0791	1
4680	83	1.139	8.6023	1
4680	84	9.029	5.871	0
4690	81	0.25319	9.4013	1
4690	82	0.56089	8.2214	1
4690	83	0.905	8.7159	1
4690	84	9.544	5.9149	0
4690	86	15.312	8.1939	0
4700	81	0.1166	9.6271	1
4700	82	0.26813	8.4392	1
4700	83	0.71158	8.8693	1
4700	84	10.059	5.9589	0
4700	86	14.811	8.1144	0
4710	81	-0.019994	9.8528	1
4710	82	-0.024624	8.6571	1
4710	83	0.58657	9.0631	1
4710	84	10.574	6.003	0
4710	86	14.31	8.035	0
4720	83	0.46176	9.2571	0
4720	84	11.092	6.0541	0
4720	86	13.819	7.9206	0
4730	83	0.33674	9.4509	0
4730	84	11.621	6.1336	0
4730	86	13.339	7.7715	0
4740	83	0.20899	9.6213	0
4740	84	12.15	6.213	0
4740	86	12.859	7.6223	0
4750	83	0.08124	9.792	0
4750	84	12.679	6.2927	0
4750	86	12.37	7.482	0
4760	83	-0.046513	9.9624	0
4760	84	13.196	6.3314	0
4760	86	11.861	7.3627	0
4770	84	13.687	6.2744	0
4770	86	11.353	7.2433	1
4780	84	14.178	6.2176	0
4780	86	10.808	7.2407	1
4780	87	15.154	5.392	1
4790	84	14.669	6.1608	0
4790	86	10.259	7.2512	1
4790	87	14.515	5.409	1
4800	84	15.16	6.104	0
4800	86	9.7561	7.3161	1
4800	87	13.876	5.4262	1
4810	86	9.284	7.4173	1
4810	87	13.239	5.4476	1
4820	86	8.8122	7.5185	1
4820	87	12.613	5.5104	1
4830	86	8.3403	7.624	1
4830	87	11.987	5.5734	1
4840	86	7.8684	7.7393	1
4840	87	11.361	5.6362	1
4850	86	7.3968	7.8543	1
4850	87	10.75	5.6782	1
4860	86	6.9216	7.9533	1
4860	87	10.174	5.672	1
4860	88	0.28771	4.1407	0
4870	86	6.4415	8.028	1
4870	87	9.5983	5.6655	1
4870	88	0.69453	4.0691	2
4870	89	0.24835	5.4534	2
4870	90	0.29465	4.7314	2
4870	91	-0.18332	6.5734	2
4880	86	5.9614	8.1025	1
4880	87	9.0222	5.6593	1
4880	88	1.1014	3.9976	2
4880	89	0.72547	5.4932	2
4880	90	0.71558	4.7512	2
4880	91	0.38031	6.6075	2
4890	86	5.4891	8.1636	1
4890	87	8.4413	5.6691	1
4890	88	1.501	3.9746	2
4890	89	1.2024	5.5329	2
4890	90	1.1365	4.7713	2
4890	91	0.94415	6.6417	2
4900	86	5.0484	8.1712	1
4900	87	7.8554	5.6949	1
4900	88	1.8936	4.0004	2
4900	89	1.6648	5.5584	2
4900	90	1.5574	4.7911	2
4900	91	1.5078	6.6756	2
4910	86	4.6079	8.1786	1
4910	87	7.2697	5.7207	1
4910	88	2.2861	4.0262	2
4910	89	2.0924	5.5507	2
4910	90	1.9868	4.7827	2
4910	91	2.079	6.7197	2
4910	92	0.19994	4.6866	0
4920	86	4.1672	8.186	0
4920	87	6.6837	5.7465	0
4920	88	2.6786	4.052	1
4920	89	2.5201	5.5431	1
4920	90	2.4197	4.7622	1
4920	91	2.6519	6.766	1
4920	92	0.7261	4.7164	1
4930	86	3.6781	8.1791	0
4930	87	6.1127	5.7357	0
4930	88	3.1359	4.0572	1
4930	89	2.9448	5.513	1
4930	90	2.8526	4.7419	1
4930	91	3.2247	6.8123	1
4930	92	1.2523	4.7462	1
4930	93	15.09	9.0929	0
4940	86	3.1892	8.172	0
4940	87	5.5458	5.7159	0
4940	88	3.6095	4.0572	1
4940	89	3.3569	5.3937	1
4940	90	3.291	4.7164	1
4940	91	3.7978	6.8481	1
4940	92	1.7525	4.7362	1
4940	93	14.88	9.0664	0
4950	86	2.7001	8.165	0
4950	87	4.9788	5.6961	0
4950	88	4.083	4.0572	1
4950	89	3.769	5.2744	1
4950	90	3.7515	4.6718	1
4950	91	4.372	6.8409	1
4950	92	2.2501	4.7219	1
4950	93	14.669	9.04	0
4960	86	2.248	8.2025	0
4960	87	4.4078	5.6892	0
4960	88	4.5399	4.0403	1
4960	89	4.1434	5.1615	1
4960	90	4.2118	4.6269	1
4960	91	4.9459	6.8335	1
4960	92	2.7476	4.7073	1
4960	93	14.447	8.9836	0
4970	86	1.8205	8.2696	2
4970	87	3.8218	5.7343	2
4970	88	4.9855	4.0123	1
4970	89	4.5345	5.1049	1
4970	90	4.6723	4.5823	1
4970	91	5.5199	6.8264	1
4970	92	3.2468	4.7171	1
4970	93	14.195	8.8576	0
4980	86	1.3931	8.3366	2
4980	87	3.2361	5.7794	2
4980	88	5.4313	3.9842	1
4980	89	4.987	5.1765	1
4980	90	5.1518	4.589	1
4980	91	6.1245	6.7481	1
4980	92	3.7473	4.7429	1
4980	93	13.944	8.7316	0
4990	86	1.0283	8.475	2
4990	87	2.6502	5.8245	2
4990	88	5.888	3.9708	1
4990	89	5.4761	5.2405	1
4990	90	5.6312	4.5956	1
4990	91	6.7326	6.6619	1
4990	92	4.248	4.7687	1
4990	93	13.692	8.6056	0
5000	86	0.75767	8.7206	2
5000	87	2.0573	5.8114	2
5000	88	6.3885	4.0159	1
5000	89	6.0509	5.2863	1
5000	90	6.1104	4.6021	1
5000	91	7.3406	6.5758	1
5000	92	4.7485	4.7944	1
5000	93	13.484	8.4061	0
5010	86	0.48702	8.9662	2
5010	87	1.4575	5.7398	2
5010	88	6.8889	4.061	1
5010	89	6.6257	5.3321	1
5010	90	6.593	4.6162	1
5010	91	7.9303	6.4703	1
5010	92	5.2606	4.7971	1
5010	93	13.293	8.1748	0
5020	86	0.21657	9.2116	0
5020	87	0.85765	5.6682	0
5020	88	7.3896	4.1061	1
5020	89	7.1588	5.3288	1
5020	90	7.0805	4.6412	1
5020	91	8.4775	6.3204	1
5020	92	5.7739	4.7971	1
5020	93	13.102	7.9436	2
5020	94	14.789	5.3897	2
5030	86	0.15048	9.4636	0
5030	87	0.25782	5.5966	0
5030	88	7.8899	4.1049	1
5030	89	7.674	5.304	1
5030	90	7.5679	4.6665	1
5030	91	9.0247	6.1703	1
5030	92	6.2872	4.7971	1
5030	93	12.853	7.7137	2
5030	94	14.185	5.3818	2
5040	86	0.10713	9.7163	0
5040	87	-0.34201	5.525	0
5040	88	8.3898	4.0572	1
5040	89	8.1892	5.2794	1
5040	90	8.0553	4.6916	1
5040	91	9.572	6.0204	1
5040	92	6.8005	4.7971	1
5040	93	12.546	7.4851	2
5040	94	13.582	5.3739	2
5050	86	0.063771	9.9691	0
5050	88	8.8896	4.0095	1
5050	89	8.6657	5.2496	1
5050	90	8.5461	4.6935	1
5050	91	10.133	5.7994	1
5050	92	7.2844	4.7367	1
5050	93	12.237	7.2677	2
5050	94	13.012	5.4023	2
5060	86	0.020415	10.222	0
5060	88	9.3895	3.9618	1
5060	89	9.1323	5.2183	1
5060	90	9.0393	4.6799	1
5060	91	10.697	5.5608	1
5060	92	7.7607	4.6615	1
5060	93	11.906	7.1541	2
5060	94	12.477	5.4675	2
5070	88	9.8948	3.9264	1
5070	89	9.6002	5.192	1
5070	90	9.5322	4.666	1
5070	91	11.261	5.3371	1
5070	92	8.237	4.5861	1
5070	93	11.576	7.0405	2
5070	94	11.932	5.5469	2
5080	88	10.406	3.9038	1
5080	89	10.069	5.1703	1
5080	90	10.023	4.6512	1
5080	91	11.826	5.1488	1
5080	92	8.7133	4.5107	1
5080	93	11.225	7.0405	2
5080	94	11.367	5.6601	2
5090	88	10.917	3.8811	1
5090	89	10.542	5.1551	1
5090	90	10.497	4.6247	1
5090	91	12.426	5.0049	1
5090	92	9.1805	4.5584	1
5090	93	10.874	7.0405	2
5090	94	10.776	5.7178	2
5100	88	11.428	3.8584	1
5100	89	11.025	5.1551	1
5100	90	10.97	4.5983	1
5100	91	13.08	4.9283	1
5100	92	9.6477	4.6061	1
5100	93	10.523	7.0405	2
5100	94	10.144	5.6928	2
5110	88	11.931	3.8405	1
5110	89	11.507	5.1551	1
5110	90	11.444	4.5718	1
5110	91	13.734	4.8517	1
5110	92	10.115	4.6539	1
5110	93	10.235	7.0343	2
5110	94	9.5172	5.6324	2
5120	88	12.414	3.8341	1
5120	89	11.99	5.1551	1
5120	90	11.921	4.5706	1
5120	91	14.362	4.8887	0
5120	92	10.582	4.7016	1
5120	93	9.9742	7.0254	2
5120	94	8.8943	5.5369	2
5130	88	12.898	3.8276	1
5130	89	12.506	5.1909	1
5130	90	12.401	4.5952	1
5130	91	14.971	5.0018	0
5130	92	11.049	4.7493	1
5130	93	9.713	7.0166	2
5130	94	8.2713	5.4414	2
5140	88	13.382	3.8212	1
5140	89	13.025	5.2307	1
5140	90	12.882	4.6195	1
5140	92	11.549	4.8603	1
5140	93	9.4518	7.0078	2
5140	94	7.6626	5.4028	2
5140	95	0.1166	7.9314	1
5150	88	13.872	3.814	1
5150	89	13.544	5.2703	1
5150	90	13.362	4.6441	1
5150	92	12.048	4.9713	1
5150	93	9.1908	6.9989	2
5150	94	7.0539	5.3641	2
5150	95	0.3841	7.9712	1
5160	88	14.368	3.8061	1
5160	89	14.014	5.2997	1
5160	90	13.835	4.6825	1
5160	92	12.547	5.0823	1
5160	93	8.9138	7.0094	2
5160	94	6.4453	5.3255	2
5160	95	0.6516	8.0111	1
5170	88	14.864	3.7985	0
5170	89	14.478	5.3278	1
5170	90	14.304	4.7302	1
5170	92	13.046	5.1932	1
5170	93	8.6007	7.0648	2
5170	94	5.8343	5.3009	2
5170	95	0.9191	8.0507	0
5180	88	15.359	3.7909	0
5180	89	14.942	5.3558	1
5180	90	14.773	4.778	1
5180	92	13.544	5.278	1
5180	93	8.2875	7.1204	2
5180	94	5.2181	5.3092	2
5180	95	1.1864	8.0906	0
5180	96	13.787	12.151	0
5190	89	15.407	5.3839	1
5190	90	15.243	4.8257	1
5190	92	14.04	5.3515	1
5190	93	7.9741	7.1758	2
5190	94	4.6016	5.3178	2
5190	95	1.4312	8.1414	0
5190	96	13.719	11.685	0
5200	92	14.537	5.425	1
5200	93	7.6609	7.2314	2
5200	94	4.0224	5.3908	2
5200	95	1.6416	8.2089	0
5200	96	13.648	11.218	0
5200	97	0.34495	5.3605	0
5200	98	0.3479	4.5901	0
5210	92	15.033	5.4982	1
5210	93	7.3856	7.213	2
5210	94	3.4803	5.5283	2
5210	95	1.8521	8.2762	0
5210	96	13.535	10.75	0
5210	97	0.83912	5.2775	0
5210	98	0.79703	4.5505	0
5220	93	7.1106	7.1946	1
5220	94	2.9383	5.6655	1
5220	95	2.0626	8.3438	0
5220	96	13.421	10.282	0
5220	97	1.3329	5.1963	2
5220	98	1.246	4.5107	2
5230	93	6.8353	7.1763	1
5230	94	2.3924	5.7677	1
5230	95	2.273	8.4111	0
5230	96	13.285	9.85	0
5230	97	1.8241	5.1329	2
5230	98	1.7224	4.4637	2
5240	93	6.56	7.1579	1
5240	94	1.831	5.7278	1
5240	95	2.4353	8.456	0
5240	96	13.125	9.455	0
5240	97	2.3151	5.0691	2
5240	98	2.24	4.4054	2
5250	93	6.2849	7.1395	1
5250	94	1.2697	5.688	1
5250	95	2.5858	8.4949	0
5250	96	12.965	9.06	0
5250	97	2.8122	5.014	2
5250	98	2.7577	4.3474	2
5260	93	5.9578	7.1066	1
5260	94	0.6777	5.5655	1
5260	95	2.736	8.5338	0
5260	96	12.747	8.6686	0
5260	97	3.3647	5.0364	2
5260	98	3.2753	4.2894	2
5270	93	5.6177	7.0698	0
5270	94	0.077872	5.4224	0
5270	95	2.8863	8.5727	0
5270	96	12.49	8.2798	0
5270	97	3.9172	5.0589	1
5270	98	3.81	4.247	1
5280	93	5.2778	7.0331	0
5280	95	3.0368	8.6118	0
5280	96	12.233	7.8908	0
5280	97	4.4696	5.0813	1
5280	98	4.352	4.2112	1
5290	93	4.9379	6.9963	0
5290	95	3.1995	8.6366	0
5290	96	11.837	7.6469	0
5290	97	5.0129	5.0574	1
5290	98	4.8939	4.1754	1
5300	93	4.6115	6.913	0
5300	95	3.3639	8.6598	0
5300	96	11.425	7.419	0
5300	97	5.555	5.0286	1
5300	98	5.4359	4.1396	1
5310	93	4.287	6.8242	0
5310	95	3.528	8.6832	0
5310	96	10.921	7.3786	0
5310	97	6.0972	4.9994	1
5310	98	5.9726	4.1243	1
5320	93	3.9622	6.7357	0
5320	95	3.6924	8.7063	0
5320	96	10.378	7.4183	0
5320	97	6.6543	4.9682	1
5320	98	6.5074	4.1178	1
5330	93	3.6265	6.6531	0
5330	95	3.8852	8.6968	0
5330	96	9.8357	7.4514	0
5330	97	7.2213	4.935	1
5330	98	7.042	4.1114	1
5340	93	3.2744	6.5796	0
5340	95	4.0851	8.6789	0
5340	96	9.2979	7.4691	0
5340	97	7.7885	4.9018	1
5340	98	7.5767	4.1049	1
5350	93	2.9223	6.5063	0
5350	95	4.2851	8.661	0
5350	96	8.76	7.4868	0
5350	97	8.3555	4.8687	1
5350	98	8.1362	4.1489	1
5360	93	2.5702	6.4328	0
5360	95	4.485	8.6431	0
5360	96	8.1997	7.513	0
5360	97	8.9408	4.9059	1
5360	98	8.6956	4.1928	1
5360	99	0.18205	5.213	0
5370	93	2.2179	6.3593	1
5370	95	4.654	8.6354	0
5370	96	7.6245	7.5448	1
5370	97	9.5263	4.9431	2
5370	98	9.255	4.2369	2
5370	99	0.77683	5.2651	0
5380	93	1.8706	6.2827	1
5380	95	4.8152	8.6304	0
5380	96	7.0491	7.5767	1
5380	97	10.112	4.9806	2
5380	98	9.8125	4.2708	2
5380	99	1.3716	5.3169	0
5390	93	1.5425	6.1939	1
5390	95	4.9764	8.6252	0
5390	96	6.4823	7.6228	1
5390	97	10.696	4.9546	2
5390	98	10.363	4.2646	2
5390	99	1.967	5.3529	0
5400	93	1.2142	6.1049	1
5400	95	5.1377	8.6202	0
5400	96	5.921	7.6784	1
5400	97	11.28	4.9128	2
5400	98	10.913	4.2586	2
5400	99	2.5622	5.3868	0
5410	93	0.88606	6.0159	1
5410	95	5.297	8.6142	0
5410	96	5.3599	7.7342	1
5410	97	11.864	4.871	2
5410	98	11.464	4.2524	2
5410	99	3.1576	5.4209	0
5410	100	0.12291	9.0042	0
5420	93	0.55794	5.9269	2
5420	95	5.4399	8.6008	1
5420	96	4.8117	7.7789	2
5420	97	12.448	4.8293	1
5420	98	12.019	4.2396	1
5420	99	3.7528	5.4388	1
5420	100	0.39231	8.7082	1
5430	93	0.22983	5.8379	2
5430	95	5.5828	8.5872	1
5430	96	4.2724	7.8161	2
5430	97	13.006	4.7997	1
5430	98	12.587	4.2104	1
5430	99	4.3482	5.4319	1
5430	100	0.6617	8.4123	1
5440	93	-0.098498	5.7488	2
5440	95	5.7259	8.5739	1
5440	96	3.733	7.8533	2
5440	97	13.558	4.7732	1
5440	98	13.155	4.1816	1
5440	99	4.9436	5.425	1
5440	100	1.0298	8.1557	1
5440	101	0.33674	7.6218	1
5450	95	5.8688	8.5602	1
5450	96	3.222	7.9331	2
5450	97	14.11	4.7467	1
5450	98	13.722	4.1527	1
5450	99	5.5388	5.4183	1
5450	100	1.4227	7.9092	1
5450	101	0.75767	7.4001	1
5460	95	6.0117	8.5466	1
5460	96	2.7529	8.0762	2
5460	97	14.662	4.7202	1
5460	98	14.295	4.124	1
5460	99	6.1919	5.5178	1
5460	100	1.8157	7.6627	1
5460	101	1.1786	7.1786	1
5470	95	5.9856	8.5662	1
5470	96	2.2838	8.2194	1
5470	97	15.214	4.6937	0
5470	98	14.867	4.0954	0
5470	99	6.8513	5.6293	0
5470	100	2.2055	7.4975	2
5470	101	1.584	6.9758	2
5480	95	5.917	8.5939	1
5480	96	1.8148	8.3626	1
5480	98	15.44	4.0668	0
5480	99	7.5109	5.7405	0
5480	100	2.5944	7.3529	2
5480	101	1.9828	6.781	2
5490	95	5.8484	8.6218	1
5490	96	1.4432	8.5381	1
5490	99	8.1273	5.8658	0
5490	100	2.9836	7.2082	2
5490	101	2.3816	6.5863	2
5500	95	5.78	8.6495	1
5500	96	1.0824	8.717	1
5500	99	8.7389	5.9925	0
5500	100	3.3855	7.0779	2
5500	101	2.7805	6.3918	2
5510	95	5.6678	8.6478	1
5510	96	0.73978	8.8984	1
5510	99	9.3505	6.1195	0
5510	100	3.8004	6.9619	2
5510	101	3.2167	6.1978	2
5520	95	5.5123	8.6166	0
5520	96	0.56089	9.1013	0
5520	99	9.9424	6.2338	0
5520	100	4.2154	6.8462	1
5520	101	3.6575	6.0037	1
5520	102	15.29	5.7517	0
5530	95	5.3568	8.5855	0
5530	96	0.38199	9.3042	0
5530	99	10.526	6.3429	0
5530	100	4.6302	6.7302	1
5530	101	4.0982	5.8099	1
5530	102	14.685	5.692	0
5540	95	5.2012	8.5543	0
5540	96	0.2031	9.507	0
5540	99	11.109	6.4519	0
5540	100	4.9358	6.6531	1
5540	101	4.5328	5.7078	1
5540	102	14.08	5.6324	0
5550	95	5.0457	8.5233	0
5550	96	0.024203	9.7099	0
5550	99	11.699	6.5328	0
5550	100	5.2412	6.5763	1
5550	101	4.9647	5.645	1
5550	102	13.468	5.5679	0
5560	95	4.9049	8.5548	0
5560	99	12.316	6.5011	0
5560	100	5.5468	6.4992	1
5560	101	5.3967	5.582	1
5560	102	12.826	5.4844	0
5570	95	4.766	8.5929	0
5570	99	12.934	6.4694	0
5570	100	5.8503	6.46	1
5570	101	5.8288	5.5192	1
5570	102	12.19	5.3973	0
5580	95	4.6269	8.6314	0
5580	99	13.545	6.4109	0
5580	100	6.1536	6.425	1
5580	101	6.2203	5.5269	1
5580	102	11.577	5.2961	0
5590	95	4.4877	8.6698	0
5590	99	14.133	6.2462	0
5590	100	6.4569	6.3899	1
5590	101	6.6073	5.5424	1
5590	102	10.965	5.1949	0
5600	95	4.3486	8.7082	0
5600	99	14.721	6.0818	0
5600	100	6.7919	6.3586	1
5600	101	6.9942	5.5577	1
5600	102	10.353	5.0935	0
5610	95	4.2038	8.7256	0
5610	99	15.309	5.9171	0
5610	100	7.1588	6.3314	1
5610	101	7.344	5.6056	1
5610	102	9.709	5.0338	0
5620	95	4.0451	8.6944	0
5620	100	7.5256	6.304	1
5620	101	7.6845	5.662	1
5620	102	9.0614	4.9789	0
5630	95	3.8864	8.6629	0
5630	100	7.8924	6.2768	1
5630	101	8.0248	5.7181	1
5630	102	8.4237	4.9572	0
5630	103	14.333	12.014	2
5630	104	13.686	12.116	2
5640	95	3.7275	8.6316	0
5640	100	8.3073	6.2359	1
5640	101	8.387	5.7457	1
5640	102	7.8089	5.0138	0
5640	103	14.283	11.619	2
5640	104	13.595	11.798	2
5650	95	3.5689	8.6003	0
5650	100	8.7223	6.1949	1
5650	101	8.7817	5.7307	1
5650	102	7.1941	5.0703	0
5650	103	14.232	11.224	2
5650	104	13.503	11.48	2
5660	95	3.4102	8.5691	0
5660	100	9.1371	6.1541	1
5660	101	9.1763	5.7159	1
5660	102	6.5793	5.1269	0
5660	103	14.168	10.843	2
5660	104	13.427	11.144	2
5670	95	3.2527	8.5335	0
5670	100	9.5656	6.1137	1
5670	101	9.5831	5.6868	1
5670	102	5.9711	5.1551	0
5670	103	14.091	10.477	2
5670	104	13.373	10.783	2
5680	95	3.0995	8.4815	0
5680	100	10.008	6.0739	1
5680	101	10.039	5.6006	1
5680	102	5.3698	5.1551	0
5680	103	14.013	10.111	2
5680	104	13.319	10.421	2
5690	95	2.9465	8.4295	0
5690	100	10.45	6.034	1
5690	101	10.495	5.5145	1
5690	102	4.7685	5.1551	0
5690	103	13.896	9.7662	2
5690	104	13.265	10.06	2
5700	95	2.7935	8.3774	0
5700	100	10.927	5.9944	1
5700	101	10.951	5.4281	1
5700	102	4.1672	5.1551	0
5700	103	13.738	9.4423	2
5700	104	13.178	9.7399	2
5710	95	2.6403	8.3254	0
5710	100	11.439	5.9546	1
5710	101	11.427	5.3517	1
5710	102	3.5569	5.134	0
5710	103	13.58	9.1185	2
5710	104	13.088	9.4244	2
5720	95	2.4873	8.2731	0
5720	100	11.951	5.9147	1
5720	101	11.916	5.2813	1
5720	102	2.9255	5.0639	0
5720	103	13.42	8.7855	2
5720	104	12.991	9.1132	2
5730	95	2.3332	8.2524	0
5730	100	12.486	5.8581	1
5730	101	12.405	5.2111	1
5730	102	2.2941	4.9937	0
5730	103	13.259	8.4486	2
5730	104	12.838	8.8378	2
5730	105	14.51	12.372	0
5740	95	2.1787	8.245	0
5740	100	13.045	5.7846	1
5740	101	12.897	5.1424	1
5740	102	1.6627	4.9233	0
5740	103	13.098	8.1116	2
5740	104	12.684	8.5624	2
5740	105	14.553	12.059	0
5750	95	2.024	8.2376	0
5750	100	13.603	5.7114	1
5750	101	13.402	5.0787	1
5750	102	1.09	4.9164	0
5750	103	12.876	7.8018	2
5750	104	12.523	8.3292	2
5750	105	14.597	11.746	0
5760	95	1.8696	8.2299	0
5760	100	14.11	5.7114	1
5760	101	13.908	5.015	1
5760	102	0.52406	4.9164	0
5760	103	12.509	7.5555	2
5760	104	12.354	8.1383	2
5760	105	14.636	11.439	0
5770	95	1.7149	8.2225	0
5770	100	14.611	5.7197	0
5770	101	14.413	4.9515	0
5770	102	-0.042093	4.9164	0
5770	103	12.143	7.3092	1
5770	104	12.266	7.9782	1
5770	105	14.663	11.147	0
5780	95	1.5604	8.2151	0
5780	100	15.111	5.7278	0
5780	101	14.918	4.8878	0
5780	103	11.816	7.081	1
5780	104	12.257	7.849	1
5780	105	14.69	10.854	0
5790	95	1.4129	8.2099	0
5790	103	11.652	6.9252	1
5790	104	12.257	7.7233	1
5790	105	14.705	10.555	0
5800	95	1.2817	8.2099	0
5800	103	11.487	6.7696	1
5800	104	12.34	7.6295	1
5800	105	14.669	10.229	0
5810	95	1.1506	8.2099	0
5810	103	11.702	6.6467	1
5810	104	12.423	7.5357	1
5810	105	14.634	9.9027	0
5820	95	1.0195	8.2099	0
5820	103	11.975	6.5252	1
5820	104	12.553	7.4113	1
5820	105	14.603	9.5889	0
5830	95	0.88837	8.2099	0
5830	103	12.396	6.3837	1
5830	104	12.793	7.2152	1
5830	105	14.585	9.3237	0
5840	95	0.75725	8.2099	0
5840	103	12.817	6.2424	1
5840	104	13.034	7.0192	1
5840	105	14.568	9.0586	0
5850	95	0.6657	8.2023	0
5850	103	13.251	6.1297	1
5850	104	13.354	6.8894	1
5850	105	14.55	8.7932	0
5860	95	0.73221	8.1648	0
5860	103	13.705	6.061	1
5860	104	13.754	6.8257	1
5860	105	14.554	8.528	0
5870	95	0.79872	8.1271	0
5870	103	14.159	5.992	1
5870	104	14.154	6.7619	1
5870	105	14.571	8.2629	0
5880	95	0.86522	8.0894	0
5880	103	14.612	5.9231	1
5880	104	14.554	6.7123	1
5880	105	14.589	7.9977	0
5890	95	0.93152	8.0517	0
5890	103	15.066	5.8541	1
5890	104	14.954	6.6765	1
5890	105	14.606	7.7326	0
5900	95	0.99803	8.014	0
5900	104	15.353	6.6407	1
5900	105	14.714	7.4648	0
5910	95	1.1159	7.9999	0
5910	105	14.822	7.197	0
5920	95	1.2851	8.0092	0
5920	105	14.93	6.9292	0
5930	95	1.4543	8.0185	0
5930	105	15.038	6.6615	0
5940	95	1.6235	8.0278	0
5940	105	15.169	6.4395	0
5950	95	1.7927	8.0371	0
5960	95	1.9784	8.0605	0
5970	95	2.1888	8.1049	0
5980	95	2.3993	8.1495	0
5990	95	2.6098	8.1939	0
6000	95	2.8145	8.2361	0
6010	95	2.9692	8.2605	0
6020	95	3.1239	8.2848	0
6020	106	14.978	4.4422	0
