780	1	8.46	3.59	0
790	1	9.57	3.79	0
800	1	10.67	3.99	0
800	2	13.64	5.8	0
810	1	11.73	4.32	0
810	2	12.09	5.75	0
820	1	12.81	4.61	0
820	2	11.37	5.8	0
830	2	10.31	5.97	1
830	3	12.49	6.6	1
840	2	9.57	6.24	1
840	3	11.94	6.77	1
850	2	8.73	6.34	1
850	3	11.03	6.84	1
850	4	-1.32	5.11	2
850	5	-1.48	4.43	2
850	6	11.84	5.82	1
860	2	7.94	6.5	1
860	3	10.21	6.81	1
860	4	-0.33	5.06	2
860	5	-0.49	4.38	2
860	6	10.91	5.92	1
870	2	7.17	6.62	1
870	3	9.36	6.85	1
870	4	0.76	5	2
870	5	0.6	4.23	2
870	6	10	5.89	1
880	2	6.47	6.68	1
880	3	8.59	6.85	1
880	4	1.76	4.89	2
880	5	1.6	4.13	2
880	6	9.09	6.02	1
890	2	5.86	6.82	1
890	3	7.78	6.84	1
890	4	2.81	4.83	2
890	5	2.67	4.07	2
890	6	8.23	6.04	1
900	2	5.24	6.98	1
900	3	6.96	6.84	1
900	4	3.8	4.77	2
900	5	3.7	4.02	2
900	6	7.4	6.15	1
910	2	4.87	7.16	1
910	3	6.29	7	1
910	4	4.97	4.69	2
910	5	4.75	4.04	2
910	6	6.52	6.15	1
920	2	4.51	7.58	1
920	3	5.62	7.1	1
920	4	5.97	4.7	2
920	5	5.76	4.06	2
920	6	5.7	6.21	1
930	2	4.2	7.3	1
930	3	5.06	7.04	1
930	4	6.97	4.67	2
930	5	6.76	4.04	2
930	6	4.96	6.1	1
930	7	12.09	5.87	3
940	2	3.95	7.71	1
940	3	4.69	7	1
940	4	8.12	4.95	2
940	5	7.82	4.17	2
940	6	4.08	6.2	1
940	7	10.75	6	3
950	2	3.47	7.86	1
950	3	4.35	7.01	1
950	4	9.11	5.01	2
950	5	8.85	4.21	2
950	6	3.31	6.2	1
950	7	9.48	6.07	3
950	8	-2.48	-0.22	0
960	2	2.82	8	1
960	3	3.76	6.99	1
960	4	10.12	5.13	2
960	5	9.93	4.29	2
960	6	2.71	6.39	1
960	7	8.15	5.86	3
960	8	-1.67	0.53	0
970	2	2.01	8	1
970	3	3.19	6.89	1
970	4	11.01	5.32	2
970	5	10.82	4.49	2
970	6	2.13	6.29	1
970	7	6.86	5.83	3
970	8	-0.93	0.96	0
980	2	1.28	7.82	1
980	3	2.62	7.13	1
980	4	11.93	5.47	0
980	5	11.75	4.36	0
980	6	1.52	6.17	1
980	7	5.62	5.66	1
980	8	-0.14	1.5	0
990	2	0.54	7.4	1
990	3	1.78	7.15	1
990	6	0.9	6.12	1
990	7	4.31	5.44	1
990	8	0.82	1.83	0
1000	2	-0.18	7.06	1
1000	3	1.01	6.96	1
1000	6	0.48	6.01	1
1000	7	3.06	5.26	1
1000	8	1.59	2.13	0
1010	2	-0.83	6.43	1
1010	3	0.07	6.91	1
1010	6	-0.29	5.95	1
1010	7	1.84	5.07	1
1010	8	2.63	2.49	0
1020	2	-1.52	6.05	1
1020	3	-0.72	6.66	1
1020	6	-0.75	5.65	1
1020	7	0.7	4.91	1
1020	8	3.67	2.83	0
1030	8	4.46	2.72	0
1040	8	5.47	3.02	0
1050	8	6.5	3.24	0
1050	9	12.83	4.68	1
1050	10	12.78	5.29	1
1050	11	12.51	6.19	2
1050	12	12.09	6.95	2
1060	8	7.35	3.65	0
1060	9	12.83	4.68	1
1060	10	12.78	5.29	1
1060	11	11.54	6.03	2
1060	12	11.4	6.93	2
1070	8	8.29	3.92	0
1070	9	12.83	4.68	1
1070	10	12.78	5.29	1
1070	11	10.96	5.97	2
1070	12	10.7	6.87	2
1070	13	11.87	6.09	0
1070	14	13.2	6.51	0
1080	8	9.23	4.15	2
1080	9	12.83	4.64	2
1080	10	12.78	5.29	2
1080	11	10.29	6.12	1
1080	12	10.07	6.73	1
1080	13	11.34	6.14	1
1080	14	12.54	7	1
1090	8	10.08	4.34	2
1090	9	12.83	4.57	2
1090	10	12.8	5.26	2
1090	11	9.88	6.21	1
1090	12	9.45	6.51	1
1090	13	10.43	5.53	1
1090	14	11.94	7.22	1
1090	15	12.61	6.38	1
1100	8	10.89	4.53	2
1100	9	12.88	4.55	2
1100	10	12.91	5.25	2
1100	11	9.54	6.09	1
1100	12	8.9	6.33	1
1100	13	9.72	5.35	1
1100	14	11.29	7.42	1
1100	15	11.91	6.65	1
1100	16	12.1	5.49	1
1100	17	13.05	6.62	1
1110	8	11.59	4.68	2
1110	11	8.87	5.99	1
1110	12	8.21	6.23	1
1110	13	8.99	5.21	1
1110	14	10.58	7.56	1
1110	15	11.25	6.81	1
1110	16	11.21	5.8	1
1110	17	12.14	7.06	1
1110	18	12.81	6.25	0
1120	8	12.28	4.93	2
1120	11	8.04	5.66	1
1120	12	7.49	6.06	1
1120	13	8.27	5.01	1
1120	14	9.92	7.42	1
1120	15	10.43	6.82	1
1120	16	10.41	5.86	1
1120	17	11.25	7.24	1
1120	18	12.08	6.36	0
1120	20	12.81	6.52	0
1130	8	12.93	5.1	0
1130	11	7.17	5.45	1
1130	12	6.73	5.97	1
1130	13	7.58	4.9	1
1130	14	9.11	7.34	1
1130	15	9.6	6.69	1
1130	16	9.57	5.82	1
1130	17	10.38	7.44	1
1130	18	11.2	6.55	1
1130	20	12.07	6.94	1
1140	11	6.43	5.23	1
1140	12	5.98	5.8	1
1140	13	6.84	4.67	1
1140	14	8.35	7.32	1
1140	15	8.86	6.64	1
1140	16	8.85	5.63	1
1140	17	9.59	7.47	1
1140	18	10.31	6.71	1
1140	20	11.12	7.33	1
1150	11	5.67	5.16	1
1150	12	5.21	5.74	1
1150	13	6.09	4.44	1
1150	14	7.75	7.43	1
1150	15	8.09	6.55	1
1150	16	8.01	5.6	1
1150	17	8.68	7.67	1
1150	18	9.53	6.83	1
1150	20	10.12	7.5	1
1150	21	11.33	5.2	1
1160	11	4.94	4.95	1
1160	12	4.45	5.61	1
1160	13	5.38	4.17	1
1160	14	6.92	7.36	1
1160	15	7.32	6.51	1
1160	16	7.24	5.38	1
1160	17	7.57	7.95	1
1160	18	8.56	6.74	1
1160	20	8.99	7.48	1
1160	21	10.52	4.69	1
1170	11	4.26	4.71	1
1170	12	3.76	5.6	1
1170	13	4.68	3.91	1
1170	14	6.02	7.19	1
1170	15	6.55	6.4	1
1170	16	6.62	5.39	1
1170	17	6.77	7.97	1
1170	18	7.82	6.82	1
1170	20	7.98	7.51	1
1170	21	9.65	4.34	1
1180	11	3.54	4.54	1
1180	12	3.03	5.39	1
1180	13	4.01	3.71	1
1180	14	5.23	7.1	1
1180	15	5.77	6.26	1
1180	16	5.77	5.36	1
1180	17	5.91	8.16	1
1180	18	6.88	6.9	1
1180	20	7.05	7.62	1
1180	21	8.73	4	1
1190	11	2.82	4.35	1
1190	12	2.28	5.24	1
1190	13	3.3	3.57	1
1190	14	4.43	7	1
1190	15	5	6.07	1
1190	16	4.99	5.22	1
1190	17	4.93	8.13	1
1190	18	5.81	6.96	1
1190	20	5.9	7.71	1
1190	21	7.79	3.79	1
1200	11	2.16	4.19	1
1200	12	1.57	5.06	1
1200	13	2.59	3.42	1
1200	14	3.66	6.99	1
1200	15	4.16	6.01	1
1200	16	4.16	5.19	1
1200	17	3.5	8.04	1
1200	18	4.87	6.92	1
1200	20	4.87	7.68	1
1200	21	6.83	3.62	1
1210	11	1.39	3.97	1
1210	12	0.83	4.87	1
1210	13	1.89	3.28	1
1210	14	2.87	6.86	1
1210	15	3.39	5.83	1
1210	16	3.41	5	1
1210	17	2.44	7.9	1
1210	18	4.06	6.82	1
1210	20	3.91	7.71	1
1210	21	5.85	3.4	1
1220	11	0.71	3.72	1
1220	12	0.11	4.68	1
1220	13	1.22	3.06	1
1220	14	2	6.75	1
1220	15	2.37	5.98	1
1220	16	2.54	5.01	1
1220	17	1.48	7.63	1
1220	18	3.01	6.78	1
1220	20	2.95	7.8	1
1220	21	4.91	3.24	1
1220	22	11.86	5.17	0
1230	11	0.01	3.41	0
1230	12	-0.65	4.3	0
1230	13	0.53	2.76	0
1230	14	1.19	6.6	0
1230	15	1.53	5.83	0
1230	16	1.66	4.83	0
1230	17	0.53	7.31	0
1230	18	2.19	6.64	0
1230	20	1.93	7.8	0
1230	21	3.92	3.09	0
1230	22	10.95	4.94	0
1240	11	-0.63	3.08	0
1240	12	-1.48	3.9	0
1240	13	-0.07	2.47	0
1240	14	0.33	6.47	0
1240	15	0.68	5.71	0
1240	16	0.85	4.84	0
1240	17	-0.36	6.97	0
1240	18	1.26	6.73	0
1240	20	0.95	7.68	0
1240	21	3.05	2.8	0
1240	22	9.91	4.75	0
1250	22	8.85	4.57	0
1260	22	7.86	4.39	1
1270	22	6.83	4.22	1
1280	22	5.63	3.98	1
1280	23	9.46	5.4	1
1280	24	11.07	4.94	1
1280	25	12.57	6.2	1
1290	22	4.67	3.78	1
1290	23	8.41	5.24	1
1290	24	10.07	4.77	1
1290	25	10.86	6.56	1
1300	22	3.67	3.55	1
1300	23	7.35	5.18	1
1300	24	9.03	4.52	1
1300	25	9.26	6.87	1
1310	22	2.7	3.31	1
1310	23	6.37	5.23	1
1310	24	8.03	4.27	1
1310	25	7.85	7.19	1
1320	22	1.81	2.84	1
1320	23	5.45	5.18	1
1320	24	6.82	4.33	1
1320	25	6.48	7.57	1
1330	22	0.82	2.5	1
1330	23	4.58	5.26	1
1330	24	5.74	4.36	1
1330	25	5.16	7.93	1
1340	22	-0.05	2.23	1
1340	23	3.55	5.29	1
1340	24	4.66	4.32	1
1340	25	3.92	8.25	1
1340	26	-3.51	-1.63	0
1340	27	10.17	4.86	0
1350	22	-0.91	1.87	1
1350	23	2.59	5.42	1
1350	24	3.53	4.38	1
1350	25	2.68	8.71	1
1350	26	-2.97	-0.87	0
1350	27	9.21	4.56	0
1360	22	-2.02	1.55	0
1360	23	1.52	5.42	0
1360	24	2.45	4.36	0
1360	25	1.38	9.14	0
1360	26	-2.36	-0.36	0
1360	27	8.09	4.38	0
1370	23	0.48	5.34	0
1370	24	1.35	4.33	0
1370	25	0.37	9.73	0
1370	27	6.97	4.29	0
1380	27	5.8	4.23	0
1390	27	4.65	4.2	0
1450	28	10.02	4.29	1
1450	29	9.75	5.33	1
1450	30	3.08	2.76	0
1460	28	8.88	4.1	1
1460	29	8.8	5.32	1
1460	30	3.84	3.11	0
1470	28	7.93	4.1	1
1470	29	7.83	5.34	1
1470	30	4.4	3.13	0
1480	28	7.01	4.1	1
1480	29	6.81	5.19	1
1480	30	5.15	3.33	0
1490	28	5.86	4.08	1
1490	29	5.85	5.23	1
1490	30	5.91	3.45	0
1490	31	11.2	5.57	2
1500	28	4.87	4.04	1
1500	29	4.94	5.16	1
1500	30	6.78	3.53	0
1500	31	9.98	5.5	2
1510	28	3.96	3.87	1
1510	29	4	5.04	1
1510	30	7.64	3.7	0
1510	31	8.73	5.18	2
1520	28	2.96	3.82	1
1520	29	3.06	4.94	1
1520	30	8.42	3.89	0
1520	31	7.63	5.05	2
1530	28	2.03	3.74	1
1530	29	2.16	4.86	1
1530	30	9.18	4.03	0
1530	31	6.46	4.94	1
1530	33	13.1	6.2	1
1540	28	1.13	3.62	1
1540	29	1.15	4.86	1
1540	30	9.92	4.16	0
1540	31	5.4	4.97	1
1540	33	12.12	6.46	1
1540	34	12.56	5.64	1
1550	28	0.2	3.61	1
1550	29	0.2	4.89	1
1550	30	10.67	4.32	0
1550	31	4.36	5.18	1
1550	33	11.31	6.59	1
1550	34	11.53	5.82	1
1560	28	-0.72	3.51	1
1560	29	-0.81	4.91	1
1560	30	11.47	4.53	0
1560	31	3.3	5.22	1
1560	33	10.51	6.7	1
1560	34	10.55	5.83	1
1570	28	-1.79	3.53	1
1570	29	-1.7	5.02	1
1570	30	12.22	4.83	0
1570	31	2.26	5.33	1
1570	33	9.66	6.78	1
1570	34	9.71	5.86	1
1580	33	8.81	6.95	1
1580	34	8.85	6.02	1
1590	33	7.96	7.14	1
1590	34	7.96	6.2	1
1600	33	7.11	7.21	1
1600	34	7.14	6.22	1
1610	33	6.29	7.28	1
1610	34	6.26	6.26	1
1620	33	5.36	7.44	1
1620	34	5.2	6.39	1
1630	33	4.48	7.73	1
1630	34	4.34	6.66	1
1640	33	3.57	8.01	1
1640	34	3.47	6.93	1
1650	33	2.85	8.3	1
1650	34	2.72	7.22	1
1660	33	2.02	8.57	1
1660	34	1.65	7.59	1
1670	33	0.96	9.03	1
1670	34	0.67	8.02	1
1680	33	0.19	9.45	0
1680	34	0.01	8.48	0
1750	35	3.03	2.72	0
1760	35	3.84	3.05	0
1770	35	4.73	3.26	0
1780	35	5.6	3.49	0
1790	35	6.57	3.75	0
1800	35	7.45	3.94	0
1800	36	12.14	6.1	0
1810	35	8.38	4.13	0
1810	36	10.99	6.46	0
1810	37	13.06	5.51	0
1820	35	9.28	4.35	0
1820	36	9.86	6.71	0
1820	37	11.87	5.44	0
1830	35	10.14	4.49	0
1830	36	8.79	6.97	1
1830	37	10.66	5.55	1
1840	35	11.03	4.71	0
1840	36	7.73	7.23	1
1840	37	9.48	5.73	1
1850	35	11.88	4.87	0
1850	36	6.65	7.42	1
1850	37	8.3	5.82	1
1860	36	5.55	7.68	1
1860	37	7.17	5.95	1
1870	36	4.46	7.96	1
1870	37	6.03	5.92	1
1880	36	3.4	8.25	1
1880	37	4.96	5.9	1
1890	36	2.9	8.43	1
1890	37	3.83	5.9	1
1900	36	1.65	8.92	1
1900	37	2.75	5.89	1
1910	36	0.55	9.49	1
1910	37	1.68	6	1
1920	36	-0.28	9.98	1
1920	37	0.54	6.14	1
1930	36	-1.31	10.3	0
1930	37	-0.55	6.21	0
1930	38	10.9	4.26	0
1940	38	9.56	3.88	0
1950	38	8.21	3.63	0
1960	38	6.86	3.4	0
1970	38	5.58	3.13	0
1970	39	11.13	5.34	0
1980	38	4.39	3	0
1980	39	9.81	5.26	0
1980	40	-2.42	-0.46	0
1990	38	2.93	2.94	0
1990	39	8.47	5.21	0
1990	40	-1.9	0.3	0
2000	38	1.61	2.86	0
2000	39	7.17	5.13	0
2000	40	-1.01	0.95	0
2010	38	0.37	2.62	0
2010	39	5.79	4.92	0
2010	40	-0.1	1.36	0
2020	38	-0.8	1.92	0
2020	39	4.52	4.83	0
2020	40	0.91	1.73	0
2030	38	-1.74	1.01	0
2030	39	3.25	4.68	0
2030	40	1.84	2.14	0
2040	39	1.99	4.55	0
2040	40	2.83	2.52	0
2050	39	0.72	4.56	0
2050	40	3.9	2.96	0
2060	39	-0.55	4.5	0
2060	40	4.87	3.24	0
2070	40	5.84	3.5	0
2080	40	6.85	3.54	0
2090	40	7.85	3.65	0
2100	40	8.84	3.75	0
2110	40	9.86	3.79	0
2110	41	12.61	5.88	0
2120	40	10.88	3.93	0
2120	41	11.67	6.15	0
2120	42	12.54	5.16	0
2130	40	11.88	4.16	0
2130	41	10.91	5.93	0
2130	42	11.73	5.34	0
2130	43	13.18	5.2	0
2130	44	12.92	6.06	0
2140	40	12.78	4.47	0
2140	41	9.91	6.1	1
2140	42	10.95	5.36	1
2140	43	12.28	5.28	1
2140	44	11.83	6.18	1
2150	41	9.01	5.97	1
2150	42	10.19	5.49	1
2150	43	11.31	5.35	1
2150	44	10.89	6.19	1
2160	41	8.15	5.91	1
2160	42	9.25	5.45	1
2160	43	10.37	5.32	1
2160	44	10.01	6.21	1
2170	41	7.25	5.76	1
2170	42	8.38	5.43	1
2170	43	9.39	5.21	1
2170	44	9.12	6.21	1
2180	41	6.37	5.7	1
2180	42	7.61	5.28	1
2180	43	8.53	5.04	1
2180	44	8.24	6.2	1
2180	45	12.38	5.2	0
2190	41	5.47	5.61	1
2190	42	6.74	5.18	1
2190	43	7.68	4.89	1
2190	44	7.35	6.11	1
2190	45	11.22	5.05	1
2200	41	4.55	5.52	1
2200	42	5.85	5.13	1
2200	43	6.78	4.81	1
2200	44	6.36	5.94	1
2200	45	10.23	4.79	1
2200	46	11.93	5.31	1
2210	41	3.67	5.44	1
2210	42	5	4.91	1
2210	43	5.93	4.71	1
2210	44	5.51	5.74	1
2210	45	9.17	4.62	1
2210	46	11.04	5.19	1
2210	47	12.84	5.19	1
2220	41	2.77	5.24	1
2220	42	4.18	4.88	1
2220	43	5.05	4.64	1
2220	44	4.56	5.69	1
2220	45	8.08	4.51	1
2220	46	10.12	5.01	1
2220	47	11.56	4.72	1
2230	41	1.95	5.14	1
2230	42	3.33	4.74	1
2230	43	4.19	4.49	1
2230	44	3.7	5.86	1
2230	45	7.03	4.31	1
2230	46	9.19	4.81	1
2230	47	10.41	4.34	1
2240	41	1.06	4.93	1
2240	42	2.4	4.59	1
2240	43	3.26	4.33	1
2240	44	2.75	5.68	1
2240	45	5.93	4.19	1
2240	46	8.27	4.56	1
2240	47	9.26	3.93	1
2240	48	-4.44	4.62	0
2250	41	0.11	4.65	1
2250	42	1.42	4.39	1
2250	43	2.3	4.05	1
2250	44	1.8	5.37	1
2250	45	4.79	4.13	1
2250	46	7.3	4.36	1
2250	47	8.29	3.63	1
2250	48	-3.49	5.09	0
2260	41	-0.6	4.29	1
2260	42	0.51	4.2	1
2260	43	1.15	3.51	1
2260	44	0.65	4.97	1
2260	45	3.76	3.96	1
2260	46	6.35	4.26	1
2260	47	6.9	3.22	1
2260	48	-2.54	5.45	0
2270	41	-1.5	3.87	1
2270	42	-0.32	4.03	1
2270	43	0.07	3.05	1
2270	44	-0.21	4.77	1
2270	45	2.72	3.76	1
2270	46	5.25	4.18	1
2270	47	5.57	3.01	1
2270	48	-1.5	5.69	0
2270	49	11.67	6.02	0
2280	41	-2.46	3.54	1
2280	42	-1.25	3.61	1
2280	43	-0.79	2.67	1
2280	44	-1.23	4.46	1
2280	45	1.72	3.61	1
2280	46	4.32	4.14	1
2280	47	4.52	2.82	1
2280	48	-0.43	5.77	0
2280	49	10.36	5.96	0
2290	41	-3.12	3.39	0
2290	42	-1.74	3.15	0
2290	43	-1.73	2.2	0
2290	44	-2.04	4.48	0
2290	45	0.72	3.46	0
2290	46	3.39	3.94	0
2290	47	3.38	2.61	0
2290	48	0.55	5.66	0
2290	49	9.13	6.05	0
2300	45	-0.3	3.4	0
2300	46	2.49	3.74	0
2300	47	2.72	2.4	0
2300	48	1.63	5.58	0
2300	49	7.99	6.26	0
2310	48	2.65	5.56	0
2310	49	6.67	6.23	0
2320	48	3.64	5.53	0
2320	49	5.48	6.3	0
2330	48	4.76	5.48	0
2330	49	4.26	6.41	0
2340	48	5.92	5.51	0
2350	48	6.98	5.57	0
2360	48	8.05	5.65	0
2370	48	9.1	5.7	0
2380	48	10.2	5.63	0
2390	48	11.29	5.57	0
2860	50	7.5	7.25	0
2860	51	7.05	8.44	1
2860	52	8.09	8.84	1
2860	53	4.66	6.69	2
2860	54	4.71	6.09	2
2860	55	2.09	3.92	3
2860	56	12.32	3.35	0
2860	57	1.25	7.97	2
2870	50	6.43	7.55	0
2870	51	7.05	8.44	1
2870	52	8.09	8.84	1
2870	53	5.88	6.59	2
2870	54	5.93	6	2
2870	55	3.11	4.09	3
2870	56	12.42	3.22	0
2870	57	2.22	7.53	2
2880	50	5.34	7.82	0
2880	51	7.05	8.44	1
2880	52	8.09	8.84	1
2880	53	7.16	6.58	2
2880	54	7.22	5.99	2
2880	55	4.27	4.14	3
2880	56	12.49	3.21	0
2880	57	3.34	7.14	2
2890	50	4.28	8.12	0
2890	51	7.05	8.44	1
2890	52	8.09	8.84	1
2890	53	8.37	6.64	3
2890	54	8.42	6.07	3
2890	55	5.39	4.29	3
2890	56	12.65	3.36	2
2890	57	4.38	6.75	3
2900	50	3.22	8.38	0
2900	51	7.05	8.44	1
2900	52	8.09	8.84	1
2900	53	9.59	6.68	3
2900	54	9.64	6.11	3
2900	55	6.52	4.44	3
2900	56	12.79	3.45	2
2900	57	5.41	6.41	3
2910	50	2.15	8.75	0
2910	51	7.05	8.44	1
2910	52	8.09	8.84	1
2910	53	10.83	6.8	3
2910	54	10.84	6.25	3
2910	55	7.44	4.48	3
2910	56	12.79	3.47	2
2910	57	6.48	6.11	3
2910	58	12.56	5.46	0
2920	50	1.12	9.16	0
2920	51	7.05	8.44	1
2920	52	8.09	8.84	1
2920	53	12.24	6.7	3
2920	54	12.11	5.97	3
2920	55	8.88	4.54	3
2920	56	12.79	3.38	2
2920	57	7.72	6.04	3
2920	58	11.24	5.14	0
2930	50	0.12	9.62	0
2930	51	7.05	8.44	1
2930	52	8.09	8.84	1
2930	55	9.98	4.68	3
2930	56	12.78	3.16	2
2930	57	9.05	6.21	3
2930	58	9.96	5.28	0
2940	51	7.05	8.44	1
2940	52	8.09	8.84	1
2940	55	11.25	4.85	0
2940	56	12.78	3.08	2
2940	57	10.46	6.39	0
2940	58	8.67	5.43	0
2950	51	7.05	8.44	1
2950	52	8.09	8.84	1
2950	55	12.49	5.52	0
2950	56	12.78	3.08	2
2950	57	11.69	6.38	0
2950	58	7.33	5.5	0
2960	51	7.05	8.44	1
2960	52	8.09	8.84	1
2960	56	12.78	3.08	2
2960	58	6.05	5.59	0
2970	51	7.05	8.44	1
2970	52	8.09	8.84	1
2970	56	12.78	3.08	2
2970	58	4.74	5.64	0
2980	51	7.05	8.44	1
2980	52	8.09	8.84	1
2980	56	12.78	3.08	2
2980	58	3.44	5.64	0
2990	51	7.05	8.44	0
2990	52	8.09	8.84	1
2990	56	12.78	3.15	2
2990	58	2.15	5.65	0
3000	51	7.05	8.44	0
3000	52	8.09	8.84	1
3000	56	12.82	3.24	2
3000	58	0.81	5.63	0
3010	51	6.93	8.26	0
3010	52	8.09	8.84	1
3010	56	12.82	3.24	2
3010	58	-0.46	5.54	0
3010	59	-1.06	1.16	3
3010	60	-1.16	1.71	3
3020	51	6.87	8.09	0
3020	52	8.09	8.84	1
3020	56	12.82	3.24	2
3020	59	-0.16	1.58	3
3020	60	-0.23	2.16	3
3030	51	7.02	7.91	0
3030	52	8.09	8.84	1
3030	56	12.82	3.2	2
3030	59	0.89	2.07	3
3030	60	0.72	2.57	3
3040	51	7.07	7.78	1
3040	52	8.09	8.84	2
3040	56	12.82	3.11	3
3040	59	1.8	2.54	4
3040	60	1.68	2.95	4
3050	51	7.1	7.82	1
3050	52	8.09	8.84	2
3050	56	12.82	3.01	3
3050	59	2.78	2.76	4
3050	60	2.7	3.27	4
3060	51	6.77	8.09	1
3060	52	8.09	8.84	2
3060	56	12.82	3.01	3
3060	59	3.82	3.05	4
3060	60	3.76	3.54	4
3070	51	6.77	8.09	1
3070	52	8.07	8.84	2
3070	56	12.59	3.01	3
3070	59	4.72	3.32	4
3070	60	4.66	3.84	4
3080	51	6.77	8.09	1
3080	52	8.05	8.83	2
3080	56	12.59	3.01	3
3080	59	5.78	3.51	4
3080	60	5.63	4.02	4
3090	51	6.77	8.13	0
3090	52	8.05	8.8	1
3090	56	12.59	3.01	2
3090	59	6.83	3.7	3
3090	60	6.69	4.21	3
3100	51	6.78	8.17	0
3100	52	8.05	8.8	1
3100	56	12.59	3.01	2
3100	59	7.85	3.93	3
3100	60	7.71	4.44	3
3100	61	12.65	5.17	4
3100	62	13.26	6.28	4
3110	51	6.62	8.55	0
3110	52	8.05	8.8	1
3110	56	12.59	3.01	2
3110	59	8.86	4.13	3
3110	60	8.72	4.63	3
3110	61	11.91	4.78	4
3110	62	12.16	6.41	4
3120	51	6.41	8.7	0
3120	52	8.05	8.8	1
3120	56	12.59	3.01	2
3120	59	9.93	4.33	3
3120	60	9.79	4.82	3
3120	61	11.19	4.22	4
3120	62	11.08	6.27	4
3130	51	6.36	8.76	0
3130	52	8.05	8.8	1
3130	56	12.54	3.01	2
3130	59	10.99	4.58	3
3130	60	10.86	5.06	3
3130	61	10.19	3.71	4
3130	62	10	6.03	4
3140	51	6.35	8.69	0
3140	52	8.05	8.8	1
3140	56	12.52	3.01	2
3140	59	12.03	4.74	0
3140	60	11.89	5.22	0
3140	61	9.11	3.67	3
3140	62	8.98	5.74	3
3150	51	6.4	8.49	0
3150	52	8.05	8.8	1
3150	56	12.52	3.01	2
3150	61	8.21	3.76	3
3150	62	7.95	5.34	3
3160	51	6.4	8.49	0
3160	52	8.05	8.8	1
3160	56	12.55	3.1	2
3160	61	7.24	3.75	3
3160	62	6.9	5.19	3
3170	51	6.4	8.49	0
3170	52	8.05	8.8	1
3170	56	12.6	3.23	2
3170	61	6.24	3.71	3
3170	62	5.87	4.97	3
3170	63	10.56	6.37	0
3180	51	6.4	8.49	0
3180	52	8.05	8.8	1
3180	61	5.26	3.6	3
3180	62	4.87	4.73	3
3180	63	9.49	6.2	0
3190	51	6.4	8.49	1
3190	52	8.05	8.8	2
3190	61	4.19	3.4	3
3190	62	3.84	4.43	3
3190	63	8.54	5.78	3
3200	51	6.4	8.49	1
3200	52	7.99	8.8	2
3200	61	3.24	3.19	3
3200	62	2.84	4.11	3
3200	63	7.58	5.46	3
3210	51	6.4	8.49	1
3210	52	7.96	8.77	2
3210	61	2.47	3.11	3
3210	62	1.88	3.84	3
3210	63	6.56	5.18	3
3220	51	6.4	8.49	1
3220	52	7.96	8.77	2
3220	61	1.45	2.8	3
3220	62	0.85	3.54	3
3220	63	5.58	4.98	3
3230	51	6.4	8.49	1
3230	52	7.96	8.77	2
3230	61	0.52	2.39	3
3230	62	-0.1	3.18	3
3230	63	4.63	4.68	3
3240	51	6.4	8.49	0
3240	52	7.96	8.77	0
3240	61	-0.48	1.97	0
3240	62	-1.05	2.77	0
3240	63	3.68	4.42	0
3250	61	-1.24	1.33	0
3250	62	-1.82	2.14	0
3250	63	2.7	4.08	0
3650	64	6.93	4.35	0
3650	65	3.91	7.35	1
3650	66	3.87	8.27	1
3650	67	1.21	8.43	1
3650	68	-2.14	0.04	0
3660	64	5.96	4.02	0
3660	65	3.16	7.37	1
3660	66	3.09	8.33	1
3660	67	0.4	8.89	1
3660	68	-1.28	0.68	0
3670	64	4.97	3.71	0
3670	65	2.3	7.29	1
3670	66	2.31	8.02	1
3670	67	-0.34	9.52	1
3670	68	-0.11	1.25	0
3680	64	3.85	3.46	0
3680	65	1.54	7.24	0
3680	66	1.55	7.99	0
3680	67	-1.06	10.11	0
3680	68	0.98	1.73	0
3690	64	2.74	3.33	0
3690	68	2.06	2.16	0
3700	64	1.64	3.02	0
3700	68	3.17	2.42	0
3710	64	0.72	2.76	0
3710	68	4.41	2.82	0
3720	64	-0.16	2.53	0
3720	68	5.69	3.21	0
3730	64	-1.03	2.18	0
3730	68	6.73	3.7	0
3740	68	7.86	4.11	0
3750	68	9.04	4.48	0
3760	68	10.11	4.9	0
3770	68	11.27	5.12	0
4160	69	9.85	4.8	0
4170	69	8.92	4.5	0
4180	69	7.79	4.22	0
4190	69	6.65	3.94	0
4200	69	5.38	3.61	0
4200	70	-2.66	4.51	1
4200	71	-2.31	5.3	1
4200	72	-2.46	6.05	1
4200	73	-2.45	6.8	1
4210	69	4.37	3.45	0
4210	70	-1.61	4.48	1
4210	71	-1.31	5.3	1
4210	72	-1.37	6.01	1
4210	73	-1.64	6.72	1
4220	69	3.22	3.32	0
4220	70	-0.73	4.63	1
4220	71	-0.57	5.34	1
4220	72	-0.42	5.89	1
4220	73	-0.67	6.63	1
4220	74	12.45	4.92	0
4220	75	12.7	5.68	0
4220	76	11.93	5.99	0
4230	69	2.07	3.13	0
4230	70	0.27	4.67	1
4230	71	0.44	5.37	1
4230	72	0.45	5.81	1
4230	73	0.26	6.57	1
4230	74	11.75	4.81	2
4230	75	11.75	5.48	2
4230	76	11.23	6.01	2
4240	69	0.96	2.92	0
4240	70	1.3	4.72	1
4240	71	1.37	5.33	1
4240	72	1.4	5.96	1
4240	73	1.2	6.6	1
4240	74	10.94	4.57	2
4240	75	10.78	5.42	2
4240	76	10.22	5.9	2
4250	69	-0.28	2.76	0
4250	70	2.12	4.75	1
4250	71	2.02	5.42	1
4250	72	2.33	5.95	1
4250	73	2.09	6.64	1
4250	74	10.01	4.39	2
4250	75	9.84	5.12	2
4250	76	9.28	5.61	2
4260	69	-1.19	2.66	0
4260	70	3.16	4.84	1
4260	71	2.84	5.4	1
4260	72	3.13	5.86	1
4260	73	2.97	6.55	1
4260	74	9.07	4.16	2
4260	75	8.98	4.85	2
4260	76	8.41	5.42	2
4270	70	3.73	5.01	1
4270	71	3.53	5.56	1
4270	72	3.93	6	1
4270	73	3.97	6.61	1
4270	74	8.22	3.88	2
4270	75	8.17	4.5	2
4270	76	7.47	5.01	2
4280	70	4.57	5.09	1
4280	71	4.26	5.66	1
4280	72	5.09	6.08	1
4280	73	4.93	6.79	1
4280	74	7.35	3.54	2
4280	75	7.3	4.22	2
4280	76	6.58	4.78	2
4290	70	5.41	5.21	1
4290	71	4.83	5.75	1
4290	72	6.05	6.1	1
4290	73	5.77	6.75	1
4290	74	6.4	3.13	2
4290	75	6.49	3.99	2
4290	76	5.77	4.48	2
4300	70	6.2	5.28	1
4300	71	5.68	5.88	1
4300	72	6.96	6.05	1
4300	73	6.88	6.75	1
4300	74	5.56	2.96	2
4300	75	5.58	3.83	2
4300	76	4.88	4.32	2
4310	70	7.2	5.31	1
4310	71	6.56	5.98	1
4310	72	7.89	6.14	1
4310	73	7.82	6.8	1
4310	74	4.51	2.67	2
4310	75	4.59	3.59	2
4310	76	3.94	4.1	2
4310	77	12.07	4.37	0
4310	78	-2.19	5	0
4320	70	7.86	5.24	1
4320	71	7.4	6.07	1
4320	72	8.72	6.08	1
4320	73	8.83	6.68	1
4320	74	3.64	2.42	2
4320	75	3.7	3.34	2
4320	76	3.05	3.7	2
4320	77	10.97	4.17	0
4320	78	-1.15	5.18	0
4330	70	8.74	5.44	1
4330	71	8.28	6.16	1
4330	72	9.71	6.13	1
4330	73	9.78	6.63	1
4330	74	2.66	2.27	2
4330	75	2.72	3.13	2
4330	76	2.01	3.45	2
4330	77	9.63	3.83	0
4330	78	-0.03	5.37	3
4330	79	-3.78	5.15	3
4340	70	9.6	5.51	1
4340	71	9.16	6.16	1
4340	72	10.71	5.92	1
4340	73	10.78	6.59	1
4340	74	1.7	2.07	2
4340	75	1.79	2.89	2
4340	76	1.03	3.19	2
4340	77	8.46	3.63	0
4340	78	1.03	5.53	3
4340	79	-3.09	5.12	3
4350	70	10.43	5.4	1
4350	71	9.99	6.24	1
4350	72	11.64	5.68	1
4350	73	11.78	6.38	1
4350	74	0.86	1.71	2
4350	75	0.85	2.58	2
4350	76	-0	2.9	2
4350	77	7.33	3.45	0
4350	78	2.1	5.65	3
4350	79	-2.34	5.19	3
4360	70	11.04	5.84	1
4360	71	10.91	6.06	1
4360	72	12.52	5.51	1
4360	73	12.66	6.2	1
4360	74	-0.12	1.35	2
4360	75	0	2.19	2
4360	76	-0.88	2.48	2
4360	77	6.04	3.25	0
4360	78	3.05	5.83	3
4360	79	-1.61	5.17	3
4360	80	-2.27	5.91	0
4370	74	-0.96	0.92	2
4370	75	-0.84	1.71	2
4370	76	-1.65	2.03	2
4370	77	5.05	3.17	0
4370	78	4.15	5.91	3
4370	79	-0.84	5.31	3
4370	80	-1.17	6.1	0
4380	77	3.72	3.11	0
4380	78	5.23	5.92	0
4380	79	-0.13	5.27	1
4380	80	-0.05	6.16	1
4390	77	2.58	2.93	0
4390	78	6.28	5.87	0
4390	79	0.61	5.36	1
4390	80	0.99	6.37	1
4400	77	1.36	2.87	0
4400	78	7.45	5.84	0
4400	79	1.38	5.43	1
4400	80	2.36	6.36	1
4410	77	0.25	2.74	0
4410	78	8.63	5.81	0
4410	79	2.19	5.68	1
4410	80	3.48	6.2	1
4420	77	-0.86	2.63	0
4420	78	9.76	5.79	0
4420	79	2.94	5.83	1
4420	80	4.62	6.28	1
4420	81	-4.98	5.09	0
4430	77	-1.98	2.65	0
4430	78	10.9	5.71	0
4430	79	3.73	5.95	1
4430	80	5.82	6.19	1
4430	81	-3.95	5.06	0
4440	77	-3.16	2.63	0
4440	78	12	5.64	0
4440	79	4.53	6.04	1
4440	80	7	6.02	1
4440	81	-2.81	5.08	0
4450	79	5.37	6.03	1
4450	80	8.09	5.86	1
4450	81	-1.57	5.15	0
4460	79	6.19	6	1
4460	80	9.32	5.73	1
4460	81	-0.39	5.22	0
4460	82	-3.79	6.99	0
4470	79	7.09	6	1
4470	80	10.55	5.79	1
4470	81	0.74	5.28	0
4470	82	-3.09	7.02	0
4480	79	7.95	5.99	0
4480	80	11.69	5.87	0
4480	81	1.83	5.31	1
4480	82	-1.93	7.07	1
4490	79	8.8	6.04	0
4490	81	2.99	5.3	1
4490	82	-0.92	7.11	1
4500	79	9.68	6.04	0
4500	81	4.22	5.27	1
4500	82	0.2	7	1
4510	79	10.51	5.99	0
4510	81	5.34	5.27	1
4510	82	1.21	6.83	1
4520	79	11.33	5.98	0
4520	81	6.52	5.29	1
4520	82	2.24	6.75	1
4530	81	7.72	5.23	1
4530	82	3.27	6.62	1
4540	81	8.91	5.18	1
4540	82	4.37	6.56	1
4550	81	10.09	5.25	1
4550	82	5.48	6.48	1
4560	81	11.27	5.37	1
4560	82	6.56	6.35	1
4570	81	12.43	5.45	1
4570	82	7.6	6.12	1
4580	82	8.68	5.94	0
4590	82	9.78	5.78	0
4600	82	10.9	5.63	0
4600	83	11.39	4.7	0
4610	82	11.99	5.62	0
4610	83	10.34	4.58	0
4620	83	9.27	4.51	0
4630	83	8.27	4.54	0
4630	84	-0.73	9.29	1
4630	85	-0.45	9.88	1
4640	83	7.33	4.47	0
4640	84	0.02	8.92	1
4640	85	0.46	9.56	1
4650	83	6.34	4.41	0
4650	84	0.76	8.61	1
4650	85	1.17	9.24	1
4660	83	5.35	4.26	0
4660	84	1.53	8.26	1
4660	85	1.89	8.89	1
4670	83	4.41	4.12	0
4670	84	2.33	7.84	1
4670	85	2.74	8.49	1
4680	83	3.47	4.01	0
4680	84	3.12	7.46	1
4680	85	3.56	8.13	1
4690	83	2.48	3.77	0
4690	84	3.96	6.94	1
4690	85	4.32	7.75	1
4700	83	1.49	3.66	0
4700	84	4.78	6.54	1
4700	85	5.2	7.41	1
4700	86	12.34	4.79	0
4710	83	0.54	3.59	0
4710	84	5.59	6.18	1
4710	85	6.03	7.26	1
4710	86	11.33	4.49	0
4720	83	-0.46	3.52	0
4720	84	6.43	5.93	1
4720	85	7	7.06	1
4720	86	10.11	4.23	0
4720	87	11.99	5.08	0
4730	83	-1.5	3.48	0
4730	84	7.29	5.8	1
4730	85	7.64	7.06	1
4730	86	8.97	3.78	2
4730	87	10.88	4.72	2
4730	88	-1.99	5.65	1
4730	89	-1.74	6.64	1
4730	90	0.43	9.54	1
4740	84	8.15	5.66	1
4740	85	8.55	6.86	1
4740	86	7.82	3.49	2
4740	87	9.71	4.49	2
4740	88	-0.85	5.73	1
4740	89	-0.68	6.48	1
4740	90	1.48	9.08	1
4750	84	9.04	5.58	1
4750	85	9.19	6.65	1
4750	86	6.69	3.26	2
4750	87	8.67	4.07	2
4750	88	0.23	5.65	1
4750	89	0.41	6.5	1
4750	90	2.68	8.69	1
4750	91	12.18	5.35	2
4760	84	9.92	5.56	1
4760	85	10.1	6.51	1
4760	86	5.47	2.95	2
4760	87	7.51	3.81	2
4760	88	1.32	5.68	1
4760	89	1.49	6.57	1
4760	90	3.8	8.3	1
4760	91	11.16	5.09	2
4770	84	10.78	5.43	1
4770	85	11.13	6.29	1
4770	86	4.38	2.77	2
4770	87	6.36	3.69	2
4770	88	2.38	5.68	1
4770	89	2.48	6.54	1
4770	90	4.95	7.72	1
4770	91	10.21	4.73	2
4780	84	11.67	5.1	0
4780	85	11.99	6.24	0
4780	86	3.13	2.55	1
4780	87	5.29	3.39	1
4780	88	3.48	5.82	2
4780	89	3.53	6.52	2
4780	90	6.16	7.25	2
4780	91	9.22	4.43	1
4790	86	2.03	2.18	1
4790	87	4.51	3.22	1
4790	88	4.57	5.82	2
4790	89	4.61	6.51	2
4790	90	7.5	6.89	2
4790	91	8.21	4.13	1
4800	86	0.99	1.77	1
4800	87	3.13	3.03	1
4800	88	5.62	5.66	2
4800	89	5.69	6.5	2
4800	90	8.69	6.58	2
4800	91	7.18	3.89	1
4810	86	0.17	1.22	1
4810	87	2.05	2.82	1
4810	88	6.66	5.72	2
4810	89	6.8	6.47	2
4810	90	9.93	6.24	2
4810	91	6.18	3.77	1
4810	92	-1.3	4.98	0
4810	93	-1.39	5.59	0
4810	94	-1.99	7.08	0
4810	95	-2.2	0.33	0
4820	86	-0.75	0.55	1
4820	87	1.21	2.55	1
4820	88	7.64	5.54	2
4820	89	7.86	6.39	2
4820	90	11.06	5.98	2
4820	91	5.17	3.62	1
4820	92	-0.35	5.08	0
4820	93	-0.44	5.66	0
4820	94	-1.15	6.96	0
4820	95	-1.25	1.11	0
4830	86	-1.75	0.04	2
4830	87	0.22	2.4	2
4830	88	8.65	5.47	1
4830	89	9.06	6.25	1
4830	90	12.31	5.85	0
4830	91	4.13	3.47	2
4830	92	0.44	4.92	1
4830	93	0.54	5.65	1
4830	94	-0.36	6.78	1
4830	95	-0.15	1.51	1
4840	86	-2.32	-0.63	2
4840	87	-0.65	2.05	2
4840	88	9.63	5.26	1
4840	89	10.03	6.13	1
4840	91	3.12	3.3	2
4840	92	1.37	4.93	1
4840	93	1.48	5.65	1
4840	94	0.54	6.69	1
4840	95	0.95	1.79	1
4850	86	-2.96	-1.43	2
4850	87	-1.57	1.41	2
4850	88	10.54	5.09	1
4850	89	10.97	6	1
4850	91	2.12	3.02	2
4850	92	2.36	4.92	1
4850	93	2.46	5.61	1
4850	94	1.42	6.66	1
4850	95	1.96	2.18	1
4860	86	-3.54	-2.3	2
4860	87	-2.41	0.9	2
4860	88	11.44	4.99	1
4860	89	11.97	5.85	1
4860	91	1.15	2.72	2
4860	92	3.37	4.89	1
4860	93	3.46	5.59	1
4860	94	2.32	6.59	1
4860	95	3.27	2.75	1
4870	86	-4.16	-3.17	2
4870	87	-3.09	0.16	2
4870	88	12.14	4.83	1
4870	89	13.03	5.61	1
4870	91	0.22	2.33	2
4870	92	4.28	5	1
4870	93	4.48	5.51	1
4870	94	3.21	6.5	1
4870	95	4.39	2.96	1
4880	87	-3.89	-0.7	0
4880	91	-0.7	1.82	0
4880	92	5.18	4.87	1
4880	93	5.46	5.48	1
4880	94	4.09	6.36	1
4880	95	5.6	3.31	1
4890	92	6.06	4.82	1
4890	93	6.37	5.56	1
4890	94	5	6.27	1
4890	95	6.91	3.5	1
4890	96	-2.79	5.55	1
4900	92	7.05	4.78	1
4900	93	7.25	5.6	1
4900	94	5.87	6.19	1
4900	95	8.21	3.65	1
4900	96	-1.66	5.47	1
4900	97	12.76	6.78	0
4910	92	8.03	4.84	1
4910	93	8.2	5.55	1
4910	94	6.74	6.04	1
4910	95	9.42	3.88	1
4910	96	-0.5	5.48	1
4910	97	12	6.96	0
4920	92	8.95	4.89	1
4920	93	9.19	5.57	1
4920	94	7.6	5.96	1
4920	95	10.56	4.14	1
4920	96	0.64	5.52	1
4920	97	11.21	7.13	0
4930	92	9.9	4.89	1
4930	93	10.13	5.53	1
4930	94	8.44	5.85	1
4930	95	11.67	4.44	1
4930	96	1.75	5.58	1
4930	97	10.34	7.26	2
4940	92	10.78	4.87	1
4940	93	10.83	5.46	1
4940	94	9.31	5.79	1
4940	95	12.59	4.7	1
4940	96	2.9	5.63	1
4940	97	9.47	7.22	2
4940	98	12.71	7	2
4940	99	12.92	6.28	2
4950	92	11.69	4.85	1
4950	93	11.71	5.4	1
4950	94	10.11	5.73	1
4950	95	13.45	4.9	1
4950	96	3.98	5.77	1
4950	97	8.59	7.12	2
4950	98	11.99	7.09	2
4950	99	12.12	6.43	2
4960	92	12.57	4.81	1
4960	93	12.09	5.42	1
4960	94	10.86	5.63	1
4960	96	5.1	5.75	1
4960	97	7.74	6.94	2
4960	98	11.33	7.17	2
4960	99	11.39	6.5	2
4960	100	12.77	6.74	0
4970	93	12.85	5.18	1
4970	94	11.57	5.56	1
4970	96	6.24	5.77	1
4970	97	6.92	6.82	2
4970	98	10.55	7.25	2
4970	99	10.6	6.58	2
4970	100	12.13	6.85	0
4970	101	12.72	6.41	0
4980	94	12.21	5.42	0
4980	96	7.2	5.79	0
4980	97	6.12	6.62	0
4980	98	9.82	7.29	0
4980	99	9.86	6.49	0
4980	100	11.45	7.19	0
4980	101	11.61	6.48	0
4990	96	7.99	5.75	0
4990	97	5.3	6.53	0
4990	98	9.01	7.28	0
4990	99	9.06	6.47	0
4990	100	10.55	7.25	0
4990	101	10.72	6.53	0
5110	103	3.76	4.07	1
5110	104	3.7	5.02	1
5110	105	3.54	6.15	1
5110	106	5.26	6.57	1
5110	107	5.02	7.18	1
5110	108	3.55	8.86	1
5110	109	-3.07	4.58	2
5110	110	-3	5.3	2
5120	103	2.8	3.57	1
5120	104	2.92	4.64	1
5120	105	2.68	5.6	1
5120	106	4.35	6.37	1
5120	107	4.15	6.96	1
5120	108	2.91	8.86	1
5120	109	-2.13	4.72	2
5120	110	-2.07	5.44	2
5130	103	2.16	3.16	1
5130	104	2	4.16	1
5130	105	1.86	5.08	1
5130	106	3.6	5.91	1
5130	107	3.31	6.34	1
5130	108	1.49	9.17	1
5130	109	-1.17	4.92	2
5130	110	-1.12	5.6	2
5140	103	1.46	2.71	1
5140	104	1.38	3.72	1
5140	105	1.07	4.58	1
5140	106	2.85	5.39	1
5140	107	2.59	5.93	1
5140	108	0.62	9.39	0
5140	109	-0.39	5.24	2
5140	110	-0.39	5.84	2
5150	103	0.73	2.3	1
5150	104	0.67	3.22	1
5150	105	0.24	4.05	1
5150	106	2.32	4.7	1
5150	107	1.89	5.23	1
5150	108	-0.12	9.74	0
5150	109	0.49	5.53	2
5150	110	0.53	6.07	2
5150	111	-2.12	-0.54	0
5160	103	-0.1	1.84	1
5160	104	-0.13	2.73	1
5160	105	-0.62	3.57	1
5160	106	1.75	4	1
5160	107	1.12	4.55	1
5160	108	-0.94	10.2	0
5160	109	1.33	5.71	2
5160	110	1.4	6.25	2
5160	111	-1.59	0.07	0
5170	103	-0.92	1.52	1
5170	104	-1	2.38	1
5170	105	-1.35	2.88	1
5170	106	0.87	3.45	1
5170	107	0.49	4.08	1
5170	108	-1.64	10.84	0
5170	109	2.04	5.75	2
5170	110	2.23	6.32	2
5170	111	-0.75	0.49	0
5180	103	-1.61	0.91	1
5180	104	-1.77	1.6	1
5180	105	-2.14	2.15	1
5180	106	0.2	2.85	1
5180	107	-0.1	3.27	1
5180	109	2.95	5.76	2
5180	110	3.11	6.3	2
5180	111	0.16	1.04	0
5190	109	3.86	5.77	1
5190	110	3.98	6.28	1
5190	111	0.89	1.25	0
5200	109	4.75	5.76	1
5200	110	4.87	6.27	1
5200	111	1.76	1.49	0
5210	109	5.66	5.71	1
5210	110	5.82	6.19	1
5210	111	2.61	1.91	0
5220	109	6.56	5.68	1
5220	110	6.71	6.14	1
5220	111	3.48	2.22	0
5220	112	12.64	5.35	0
5230	109	7.49	5.64	1
5230	110	7.65	6.13	1
5230	111	4.4	2.41	0
5230	112	11.5	5.11	0
5240	109	8.41	5.61	1
5240	110	8.56	6.09	1
5240	111	5.35	2.49	2
5240	112	10.21	4.79	0
5250	109	9.3	5.6	1
5250	110	9.48	5.95	1
5250	111	6.29	2.54	2
5250	112	8.92	4.63	0
5260	109	10.17	5.53	1
5260	110	10.46	6.1	1
5260	111	7.07	2.5	2
5260	112	7.63	4.67	0
5270	109	11.04	5.45	1
5270	110	11.36	6.02	1
5270	111	8.07	2.63	2
5270	112	6.45	4.68	0
5280	109	11.95	5.4	1
5280	110	12.21	5.97	1
5280	111	8.86	2.95	2
5280	112	5.25	4.71	0
5290	109	13.01	5.22	0
5290	110	12.95	5.87	0
5290	111	9.87	3.25	0
5290	112	4.09	4.71	0
5300	111	10.62	3.75	0
5300	112	2.95	4.7	0
5310	111	11.61	4.17	0
5310	112	1.78	4.64	0
5320	112	0.59	4.56	0
5330	112	-0.56	4.49	0
5400	113	12.43	6.53	1
5410	113	11.74	6.57	1
5410	114	12.2	4.99	1
5420	113	11.01	6.55	1
5420	114	11.5	4.78	1
5430	113	10.22	6.55	1
5430	114	10.82	4.49	1
5430	115	-1.73	0.53	0
5440	113	9.35	6.56	0
5440	114	10.32	4.24	0
5440	115	-1.73	0.53	0
5440	116	-0.55	1.19	0
5450	113	8.52	6.54	0
5450	114	9.74	4.07	0
5450	116	0.59	1.83	0
5460	113	7.68	6.52	0
5460	114	9.18	3.89	0
5460	116	1.71	2.36	0
5470	113	6.89	6.39	0
5470	114	8.41	3.73	0
5470	116	2.95	2.92	0
5470	117	-2.57	0.9	0
5480	113	6.06	6.39	0
5480	114	7.8	3.62	0
5480	116	4.11	3.44	0
5480	117	-1.84	1.77	0
5490	113	5.22	6.47	0
5490	114	6.8	3.21	0
5490	116	5.35	3.85	0
5490	117	-1.21	2.35	1
5490	118	-2.63	-0.35	1
5500	113	4.42	6.48	0
5500	114	5.82	2.9	0
5500	116	6.63	4.07	0
5500	117	-0.32	2.93	1
5500	118	-1.87	0.36	1
5510	113	3.56	6.61	0
5510	114	4.88	2.71	0
5510	116	7.79	4.31	0
5510	117	0.45	3.38	1
5510	118	-1	1.07	1
5520	113	2.75	6.75	0
5520	114	4.03	2.51	0
5520	116	8.96	4.5	0
5520	117	1.47	3.73	1
5520	118	-0.2	1.73	1
5530	113	1.94	6.87	0
5530	114	3.01	2.33	0
5530	116	10.18	4.59	0
5530	117	2.47	3.9	1
5530	118	0.59	2.43	1
5540	113	1.12	7.05	0
5540	114	1.93	2.09	0
5540	116	11.38	4.8	0
5540	117	3.63	4.02	1
5540	118	1.49	2.91	1
5550	113	0.28	7.12	0
5550	114	0.82	1.73	0
5550	116	12.59	4.98	0
5550	117	4.61	4.1	1
5550	118	2.49	3.26	1
5550	119	12.96	6.37	0
5560	113	-0.5	7.2	0
5560	114	-0.04	1.29	0
5560	117	5.68	4.19	1
5560	118	3.52	3.43	1
5560	119	11.82	6.79	0
5570	113	-1.23	7.22	0
5570	114	-1.09	0.73	0
5570	117	6.69	4.34	1
5570	118	4.5	3.63	1
5570	119	11.13	7.19	0
5580	117	7.8	4.45	1
5580	118	5.52	3.93	1
5580	119	10.54	7.55	0
5590	117	8.86	4.63	1
5590	118	6.54	4.19	1
5590	119	9.73	7.84	0
5600	117	9.95	4.89	1
5600	118	7.59	4.42	1
5600	119	8.8	8.01	0
5610	117	11.02	5.1	1
5610	118	8.66	4.68	1
5610	119	7.78	8	0
5620	117	12.04	5.13	1
5620	118	9.69	4.92	1
5620	119	6.78	8.05	0
5620	120	12.13	6.5	0
5630	117	13.25	4.97	1
5630	118	10.71	5.27	1
5630	119	5.76	8.12	0
5630	120	11.31	6.81	0
6230	121	10.73	5.96	1
6230	122	10.67	6.71	1
6240	121	9.8	6.2	1
6240	122	9.79	6.95	1
6250	121	8.86	6.38	1
6250	122	8.85	7.14	1
6260	121	7.79	6.62	1
6260	122	7.95	7.33	1
6270	121	6.88	6.85	1
6270	122	7.05	7.55	1
6280	121	6.01	7.01	1
6280	122	6.22	7.71	1
6290	121	5.14	7.18	1
6290	122	5.36	7.88	1
6300	121	4.25	7.31	1
6300	122	4.53	8.02	1
6310	121	3.29	7.63	1
6310	122	3.45	8.24	1
6320	121	2.4	7.86	1
6320	122	2.54	8.42	1
6330	121	1.52	8.07	1
6330	122	1.66	8.64	1
6340	121	0.71	8.43	1
6340	122	0.89	8.99	1
6340	123	-2.46	5.21	0
6340	124	9.9	6.58	0
6350	121	-0.1	8.8	1
6350	122	0.17	9.47	1
6350	123	-1.66	5.08	0
6350	124	8.75	6.63	0
6360	121	-0.84	9.26	0
6360	122	-0.52	9.95	0
6360	123	-0.88	4.85	0
6360	124	7.57	6.61	0
6370	121	-1.6	9.7	0
6370	122	-1.27	10.4	0
6370	123	0.08	4.78	0
6370	124	6.4	6.47	0
6380	123	1.02	4.72	0
6380	124	5.26	6.28	0
6390	123	1.94	4.67	0
6390	124	4.11	6.12	0
6400	123	2.92	4.57	0
6400	124	2.99	6	0
6400	125	-2.25	4.53	0
6410	123	3.83	4.5	1
6410	124	1.85	5.79	0
6410	125	-1.17	4.57	1
6420	123	4.81	4.47	1
6420	124	0.75	5.5	0
6420	125	-0.07	4.51	1
6420	126	-5.19	6.38	2
6420	127	-5.45	7.31	2
6430	123	5.75	4.33	1
6430	124	-0.28	5.05	0
6430	125	0.93	4.56	1
6430	126	-4.3	6.5	2
6430	127	-4.56	7.42	2
6440	123	6.69	4.38	1
6440	124	-1.26	4.41	0
6440	125	2.01	4.58	1
6440	126	-3.36	6.56	2
6440	127	-3.66	7.48	2
6450	123	7.62	4.43	1
6450	124	-2.33	3.58	0
6450	125	3.06	4.55	1
6450	126	-2.42	6.51	2
6450	127	-2.72	7.42	2
6460	123	8.54	4.68	1
6460	125	4.05	4.45	1
6460	126	-1.39	6.39	1
6460	127	-1.59	7.31	1
6470	123	9.45	4.91	1
6470	125	5.13	4.44	1
6470	126	-0.56	6.38	1
6470	127	-0.59	7.22	1
6480	123	10.37	5.02	1
6480	125	6.19	4.44	1
6480	126	0.26	6.18	1
6480	127	0.36	7.14	1
6480	128	-1.72	4.83	1
6490	123	11.32	5.15	1
6490	125	7.32	4.44	1
6490	126	1.27	6.02	1
6490	127	1.32	7.05	1
6490	128	-0.44	4.6	1
6500	123	12.31	5.24	1
6500	125	8.39	4.42	1
6500	126	2.25	5.84	1
6500	127	2.28	6.9	1
6500	128	0.86	4.38	1
6510	125	9.43	4.43	0
6510	126	3.14	5.65	1
6510	127	3.16	6.66	1
6510	128	1.97	4.17	1
6520	125	10.47	4.47	0
6520	126	4.08	5.47	1
6520	127	4.1	6.43	1
6520	128	3.14	3.96	1
6530	125	11.52	4.72	0
6530	126	5	5.31	1
6530	127	5.01	6.31	1
6530	128	4.32	3.75	1
6540	125	12.58	5.08	0
6540	126	5.9	5.29	1
6540	127	5.92	6.23	1
6540	128	5.47	3.64	1
6550	126	6.75	5.23	1
6550	127	6.84	6.22	1
6550	128	6.59	3.66	1
6560	126	7.65	5.14	1
6560	127	7.72	6.19	1
6560	128	7.61	3.69	1
6570	126	8.49	5.03	1
6570	127	8.67	6.17	1
6570	128	8.6	3.76	1
6580	126	9.31	4.97	1
6580	127	9.53	6.23	1
6580	128	9.57	3.81	1
6590	126	10.08	5.01	1
6590	127	10.39	6.23	1
6590	128	10.73	4.13	1
6590	129	13.16	4.09	0
6600	126	10.86	4.96	1
6600	127	11.2	6.25	1
6600	128	11.97	4.52	1
6600	129	13.2	3.55	0
6610	126	11.57	4.74	0
6610	127	12.02	6.08	0
6610	128	13.11	4.93	0
6610	129	13.2	3.55	0
6800	130	10.45	3.88	1
6800	131	10.84	4.88	1
6810	130	9.57	3.76	1
6810	131	9.76	4.68	1
6810	132	11.98	5.84	0
6820	130	8.64	3.64	1
6820	131	8.72	4.51	1
6820	132	10.83	5.96	0
6820	133	12.27	5.34	0
6830	130	7.75	3.47	1
6830	131	7.6	4.33	1
6830	132	9.66	6.05	1
6830	133	11.11	5.13	1
6830	134	-2.27	11.61	0
6830	135	-3.17	-1.27	0
6840	130	6.94	3.3	1
6840	131	6.53	4.24	1
6840	132	8.51	6.16	1
6840	133	9.87	5.07	1
6840	134	-1.42	10.84	0
6840	135	-2.52	-0.43	0
6840	136	12.44	5.99	1
6850	130	5.97	3.07	1
6850	131	5.44	4.12	1
6850	132	7.34	6.15	1
6850	133	8.46	5.02	1
6850	134	-0.34	10.17	0
6850	135	-1.81	0.36	0
6850	136	11.54	6.36	1
6860	130	4.99	2.95	1
6860	131	4.38	3.96	1
6860	132	6.18	6.15	1
6860	133	7.2	4.93	1
6860	134	0.61	9.59	0
6860	135	-0.95	1.04	0
6860	136	10.48	6.6	1
6870	130	3.96	2.89	1
6870	131	3.26	3.88	1
6870	132	4.99	6.22	1
6870	133	5.98	4.77	1
6870	134	1.75	9.22	0
6870	135	-0.02	1.46	0
6870	136	9.41	6.77	1
6870	137	12.77	5.14	0
6880	130	2.98	3.08	1
6880	131	2.19	3.76	1
6880	132	3.86	6.24	1
6880	133	4.53	4.71	1
6880	134	2.87	9.05	0
6880	135	0.79	1.81	0
6880	136	8.39	6.83	1
6880	137	11.85	4.89	1
6890	130	1.95	3	1
6890	131	1.06	3.58	1
6890	132	2.58	6.29	1
6890	133	3.45	4.56	1
6890	134	4.13	8.74	0
6890	135	1.66	2.2	0
6890	136	7.29	6.94	1
6890	137	10.81	4.53	1
6890	138	11.95	5.6	1
6890	139	12.58	4.94	1
6900	130	0.94	2.78	1
6900	131	0.11	3.29	1
6900	132	1.41	6.37	1
6900	133	2.39	4.3	1
6900	134	5.25	8.44	0
6900	135	2.71	2.55	0
6900	136	6.17	7.13	1
6900	137	9.8	4.38	1
6900	138	10.88	5.55	1
6900	139	11.48	4.82	1
6910	130	0.01	2.47	1
6910	131	-0.85	2.95	1
6910	132	0.31	6.42	1
6910	133	1.21	4.06	1
6910	134	6.36	8.22	0
6910	135	3.57	2.7	0
6910	136	5.1	7.48	1
6910	137	8.91	4.17	1
6910	138	9.83	5.66	1
6910	139	10.31	4.8	1
6920	130	-1.02	1.85	1
6920	131	-1.72	2.51	1
6920	132	-0.93	6.39	1
6920	133	0.25	3.84	1
6920	134	7.55	7.8	0
6920	135	4.45	2.93	0
6920	136	3.98	7.81	1
6920	137	7.96	4.16	1
6920	138	8.77	5.69	1
6920	139	9.18	4.78	1
6920	140	-3.83	-2.44	0
6930	130	-1.95	1.31	1
6930	131	-2.58	1.89	1
6930	132	-2.03	6.35	1
6930	133	-0.91	3.49	1
6930	134	8.71	7.38	0
6930	135	5.24	2.99	0
6930	136	2.92	8.24	1
6930	137	6.98	4.15	1
6930	138	7.78	5.7	1
6930	139	8.04	4.87	1
6930	140	-3.44	-1.6	0
6940	130	-2.81	0.61	1
6940	131	-3.48	1.24	1
6940	132	-3.08	6.52	1
6940	133	-2.08	3.07	1
6940	134	9.81	6.97	0
6940	135	6.3	3.16	0
6940	136	1.86	8.69	1
6940	137	6.09	4.11	1
6940	138	6.74	5.65	1
6940	139	7	4.83	1
6940	140	-2.84	-0.75	0
6950	130	-3.41	-0.17	1
6950	131	-4.1	0.5	1
6950	132	-4.13	6.77	1
6950	133	-3.14	2.56	1
6950	134	10.99	6.53	0
6950	135	7.17	3.48	0
6950	136	1.03	9.06	1
6950	137	4.95	4.15	1
6950	138	5.59	5.71	1
6950	139	5.86	4.89	1
6950	140	-2.07	0.08	0
6960	134	12.13	6.19	0
6960	135	8.06	3.98	0
6960	136	-0.09	9.54	1
6960	137	4.07	4.02	1
6960	138	4.56	5.76	1
6960	139	4.78	5	1
6960	140	-1.04	0.7	0
6970	134	13.11	5.88	0
6970	135	8.89	4.5	0
6970	136	-0.92	9.99	1
6970	137	3.04	4.08	1
6970	138	3.63	5.87	1
6970	139	3.73	5.07	1
6970	140	-0.23	1.27	0
6970	141	-3.48	11.52	0
6980	135	9.86	4.68	1
6980	136	-1.77	10.62	0
6980	137	2.06	3.92	2
6980	138	2.73	5.95	2
6980	139	2.7	5.2	2
6980	140	0.86	1.65	1
6980	141	-3	10.65	1
6980	142	-5.15	4.12	1
6980	143	-4.93	5.21	1
6990	135	10.91	4.82	1
6990	136	-2.75	11.29	0
6990	137	1.21	3.91	2
6990	138	1.87	6.01	2
6990	139	1.69	5.24	2
6990	140	1.84	2.07	1
6990	141	-1.88	9.81	1
6990	142	-4.25	4.15	1
6990	143	-3.95	5.24	1
7000	135	12.04	5.07	1
7000	136	-3.33	12.05	0
7000	137	0.05	3.86	2
7000	138	1.01	6.28	2
7000	139	0.68	5.32	2
7000	140	2.81	2.37	1
7000	141	-0.73	9.29	1
7000	142	-3.43	4.22	1
7000	143	-2.91	5.21	1
7010	137	-0.82	3.61	2
7010	138	0.05	6.48	2
7010	139	-0.37	5.56	2
7010	140	3.83	2.78	1
7010	141	0.44	8.78	1
7010	142	-2.38	4.37	1
7010	143	-2.01	5.18	1
7020	137	-1.98	3.28	2
7020	138	-1.12	6.79	2
7020	139	-1.26	5.82	2
7020	140	4.89	3.08	1
7020	141	1.6	8.32	1
7020	142	-1.45	4.36	1
7020	143	-1.24	5.07	1
7030	137	-3.06	3.13	0
7030	138	-1.96	6.95	0
7030	139	-2.59	5.72	0
7030	140	5.94	3.42	0
7030	141	2.8	8.05	1
7030	142	-0.26	4.33	1
7030	143	-0.26	5.12	1
7040	137	-4	3.34	0
7040	138	-2.86	7.01	0
7040	139	-3.64	5.62	0
7040	140	7.16	3.69	0
7040	141	4.02	7.74	1
7040	142	0.78	4.31	1
7040	143	0.77	5.11	1
7050	140	8.2	3.96	0
7050	141	5.26	7.43	1
7050	142	1.83	4.35	1
7050	143	1.84	5.16	1
7060	140	9.29	4.21	0
7060	141	6.51	7.13	1
7060	142	2.9	4.47	1
7060	143	2.84	5.46	1
7070	140	10.43	4.5	0
7070	141	7.75	6.75	1
7070	142	3.88	4.61	1
7070	143	3.89	5.42	1
7080	140	11.52	4.58	0
7080	141	8.92	6.25	1
7080	142	4.88	4.69	1
7080	143	4.89	5.51	1
7090	140	12.51	4.87	0
7090	141	10.19	5.91	1
7090	142	5.94	4.73	1
7090	143	5.95	5.57	1
7100	141	11.44	5.76	1
7100	142	6.89	4.75	1
7100	143	6.87	5.57	1
7100	144	-2.13	4.6	0
7110	141	12.7	5.68	1
7110	142	7.58	4.77	1
7110	143	7.45	5.61	1
7110	144	-0.56	4.64	0
7120	142	8.47	4.88	1
7120	143	8.16	5.58	1
7120	144	0.62	4.8	0
7130	142	9.53	4.93	1
7130	143	8.77	5.26	1
7130	144	1.91	4.94	0
7140	142	10.5	5.17	1
7140	143	9.53	4.71	1
7140	144	3.12	5.06	0
7150	142	11.59	5.09	1
7150	143	10.61	4.37	1
7150	144	4.28	5.27	0
7160	142	12.37	5.33	1
7160	143	11.72	4.44	1
7160	144	5.79	5.34	0
7170	144	7.14	5.46	0
7180	144	8.41	5.4	0
7190	144	9.73	5.41	0
7200	144	11.01	5.42	0
7210	144	12.23	5.43	0
7300	145	-1.58	3.42	1
7300	146	-1.88	4.28	1
7310	145	-0.56	3.49	1
7310	146	-0.89	4.33	1
7310	147	-3.31	7.24	0
7320	145	0.55	3.54	1
7320	146	0.35	4.33	1
7320	147	-2.3	7.09	0
7330	145	1.65	3.56	1
7330	146	1.42	4.38	1
7330	147	-1.15	6.87	2
7340	145	2.73	3.57	1
7340	146	2.52	4.43	1
7340	147	-0.08	6.85	2
7350	145	3.84	3.63	1
7350	146	3.65	4.47	1
7350	147	1.02	6.79	2
7360	145	4.97	3.72	1
7360	146	4.79	4.55	1
7360	147	2.13	6.69	2
7370	145	6.12	3.73	1
7370	146	5.97	4.59	1
7370	147	3.2	6.54	2
7370	148	-2.36	1.16	0
7370	149	12.67	6.34	0
7380	145	7.26	3.83	1
7380	146	7.08	4.71	1
7380	147	4.16	6.39	2
7380	148	-1.59	1.99	0
7380	149	11.58	6.88	3
7380	150	13.04	6.06	3
7390	145	8.4	3.94	1
7390	146	8.2	4.88	1
7390	147	5.26	6.15	2
7390	148	-0.77	2.58	0
7390	149	10.56	7.08	3
7390	150	11.87	6.35	3
7400	145	9.56	4.16	1
7400	146	9.35	5.08	1
7400	147	6.47	5.95	2
7400	148	0.3	3.11	0
7400	149	9.61	7.49	3
7400	150	10.6	6.46	3
7400	151	12.46	5.79	3
7410	145	10.6	4.41	1
7410	146	10.5	5.31	1
7410	147	7.64	5.74	2
7410	148	1.37	3.47	0
7410	149	8.55	7.66	3
7410	150	9.44	6.57	3
7410	151	11.28	6.05	3
7420	145	11.78	4.67	1
7420	146	11.6	5.43	1
7420	147	8.65	5.49	2
7420	148	2.51	3.79	0
7420	149	7.39	7.61	3
7420	150	8.21	6.71	3
7420	151	10.27	6.03	3
7420	152	-4.42	5.4	0
7430	145	12.97	4.67	0
7430	146	12.44	5.54	0
7430	147	9.84	5.42	0
7430	148	3.38	3.94	0
7430	149	6.33	7.69	1
7430	150	7.02	6.69	1
7430	151	9.24	6.07	1
7430	152	-3.4	5.45	0
7440	147	10.97	5.54	0
7440	148	4.48	4.1	0
7440	149	5.37	7.91	1
7440	150	5.99	6.57	1
7440	151	8.24	6.23	1
7440	152	-2.23	5.48	0
7450	147	12.05	5.49	0
7450	148	5.63	4.18	0
7450	149	4.29	7.78	1
7450	150	4.83	6.7	1
7450	151	7.25	6.28	1
7450	152	-1.01	5.47	0
7460	148	6.75	4.19	0
7460	149	3.19	7.76	1
7460	150	3.66	6.95	1
7460	151	6.2	6.48	1
7460	152	0.18	5.47	0
7460	153	-3.01	4.24	0
7460	154	-2.94	4.95	0
7460	155	-4.31	6.75	0
7470	148	7.84	4.28	0
7470	149	2.08	7.81	1
7470	150	2.57	7.1	1
7470	151	5.13	6.76	1
7470	152	1.37	5.48	0
7470	153	-1.82	4.28	0
7470	154	-1.84	5	0
7470	155	-3.18	6.63	0
7480	148	8.97	4.45	1
7480	149	1.05	7.92	2
7480	150	1.59	7.2	2
7480	151	4.11	7.07	2
7480	152	2.53	5.47	1
7480	153	-0.62	4.17	1
7480	154	-0.78	4.85	1
7480	155	-1.95	6.49	1
7490	148	10.12	4.59	1
7490	149	-0.15	7.9	2
7490	150	0.49	7.16	2
7490	151	3.09	7.31	2
7490	152	3.73	5.55	1
7490	153	0.54	4.21	1
7490	154	0.39	4.85	1
7490	155	-0.84	6.25	1
7500	148	11.23	4.7	1
7500	149	-1.28	7.96	2
7500	150	-0.62	6.91	2
7500	151	2.03	7.35	2
7500	152	4.96	5.7	1
7500	153	1.79	4.29	1
7500	154	1.62	4.96	1
7500	155	0.54	6.11	1
7510	148	12.25	4.76	1
7510	149	-2.09	7.86	2
7510	150	-1.96	6.83	2
7510	151	0.96	7.34	2
7510	152	6.21	5.82	1
7510	153	3.02	4.3	1
7510	154	2.79	5.18	1
7510	155	1.6	6.14	1
7520	152	7.41	6.04	1
7520	153	4.19	4.38	1
7520	154	3.99	5.28	1
7520	155	2.76	6.17	1
7530	152	8.7	5.81	1
7530	153	5.43	4.46	1
7530	154	5.26	5.32	1
7530	155	3.91	6.18	1
7540	152	10.03	5.81	1
7540	153	6.62	4.46	1
7540	154	6.45	5.31	1
7540	155	5.12	6.3	1
7550	152	11.25	5.89	1
7550	153	7.8	4.49	1
7550	154	7.63	5.33	1
7550	155	6.38	6.33	1
7560	152	12.48	5.79	1
7560	153	9	4.57	1
7560	154	8.83	5.39	1
7560	155	7.61	6.31	1
7570	153	10.18	4.63	1
7570	154	10.02	5.41	1
7570	155	8.8	6.31	1
7580	153	11.32	4.65	1
7580	154	11.17	5.36	1
7580	155	9.89	6.22	1
7580	156	12.44	6.66	0
7590	153	12.31	4.71	1
7590	154	12.27	5.36	1
7590	155	11.09	6.13	1
7590	156	11.16	6.91	0
7600	153	13.37	4.87	1
7600	154	13.09	5.78	1
7600	155	12.86	5.39	1
7600	156	10.08	6.75	0
7610	156	8.78	6.75	0
7620	156	7.64	6.72	0
7630	156	6.47	6.55	0
7630	157	0.12	1.45	0
7640	156	5.29	6.36	0
7640	157	1.09	1.97	0
7650	156	4.15	6.29	0
7650	157	2.04	2.34	0
7660	156	2.88	6.25	0
7660	157	3.01	2.68	0
7670	156	1.64	6.22	0
7670	157	4.12	2.91	0
7680	156	0.68	6.23	0
7680	157	5.19	3.1	0
7690	156	-0.61	6.33	0
7690	157	6.3	3.48	0
7700	156	-1.73	6.5	0
7700	157	7.35	3.71	0
7710	157	8.37	4.04	0
7720	157	9.38	4.36	0
7730	157	10.42	4.56	0
7740	157	11.51	4.71	0
7750	157	12.6	4.93	0
7750	159	-1.09	5.33	0
7760	159	-0.07	5.35	0
7770	159	1.04	5.35	0
7770	160	11.65	5.63	0
7780	159	2.08	5.27	0
7780	160	10.51	5.29	1
7780	161	-2.56	0.25	0
7780	162	12.88	5.97	1
7790	159	3.18	5.27	0
7790	160	9.64	5.15	1
7790	161	-1.67	0.89	0
7790	162	11.72	6.08	1
7800	159	4.17	5.24	0
7800	160	8.54	4.92	1
7800	161	-0.69	1.4	0
7800	162	10.57	6.15	1
7810	159	5.29	5.23	0
7810	160	7.51	4.68	1
7810	161	0.35	1.84	0
7810	162	9.34	6.25	1
7810	163	12.29	5.16	0
7820	159	6.3	5.26	0
7820	160	6.63	4.4	1
7820	161	1.41	2.23	0
7820	162	8.11	6.34	1
7820	163	11.09	4.81	0
7820	164	-2.88	4.74	0
7830	159	7.36	5.24	2
7830	160	5.51	4.05	1
7830	161	2.47	2.63	2
7830	162	6.9	6.33	3
7830	163	10.07	4.46	1
7830	164	-1.56	4.4	2
7840	159	8.32	5.31	2
7840	160	4.49	3.78	1
7840	161	3.62	2.89	2
7840	162	5.69	6.29	3
7840	163	8.56	4.23	1
7840	164	-0.42	4.17	2
7850	159	9.37	5.38	2
7850	160	3.46	3.67	1
7850	161	4.69	3	2
7850	162	4.46	6.32	3
7850	163	7.34	4.24	1
7850	164	0.92	4.17	2
7860	159	10.44	5.49	2
7860	160	2.49	3.36	1
7860	161	5.84	3.25	2
7860	162	3.27	6.41	3
7860	163	6.21	4.07	1
7860	164	2.29	4.31	2
7860	166	-1.77	0.26	0
7870	159	11.52	5.6	2
7870	160	1.48	3.15	1
7870	161	7	3.52	2
7870	162	2.1	6.5	3
7870	163	5.07	3.85	1
7870	164	3.56	4.61	2
7870	166	-0.72	1	0
7870	167	12.54	4.31	0
7880	159	12.53	5.69	0
7880	160	0.57	2.94	1
7880	161	8.09	3.93	2
7880	162	0.96	6.66	0
7880	163	4	3.64	1
7880	164	4.76	4.89	2
7880	166	0.33	1.53	3
7880	167	11.66	3.83	0
7890	160	-0.52	2.66	1
7890	161	9.18	4.4	2
7890	162	-0.25	6.82	0
7890	163	2.88	3.44	1
7890	164	5.97	5.1	2
7890	166	1.46	2.16	3
7890	167	10.78	3.48	0
7900	160	-1.6	2.59	1
7900	161	10.34	4.77	2
7900	162	-1.44	6.92	0
7900	163	1.83	3.11	1
7900	164	7.07	5.1	2
7900	166	2.74	2.65	3
7900	167	9.7	3.23	0
7910	160	-2.74	2.61	1
7910	161	11.4	5.2	2
7910	162	-2.49	6.89	0
7910	163	0.8	2.64	1
7910	164	8.33	5.2	2
7910	166	3.9	3.07	3
7910	167	8.75	3.25	0
7920	160	-3.88	2.77	1
7920	161	12.48	5.53	2
7920	162	-3.69	6.98	0
7920	163	-0.17	2.1	1
7920	164	9.57	5.25	2
7920	166	5.05	3.47	3
7920	167	7.56	2.88	0
7930	160	-4.63	3.06	0
7930	161	13.47	5.74	0
7930	162	-4.76	6.88	0
7930	163	-0.97	1.63	0
7930	164	10.83	5.26	1
7930	166	6.31	3.8	1
7930	167	6.6	2.75	0
7940	163	-1.91	0.62	0
7940	164	12.13	5.28	1
7940	166	7.56	4.02	1
7940	167	5.7	2.64	0
7950	163	-2.63	-0.2	0
7950	164	13.26	5.64	1
7950	166	8.83	4.27	1
7950	167	4.64	2.59	0
7960	166	10.13	4.53	1
7960	167	3.77	2.41	0
7970	166	11.38	4.8	1
7970	167	2.88	2.3	0
7980	166	12.6	5.06	0
7980	167	1.77	1.98	0
8090	168	7.09	2.86	0
8100	168	5.8	2.73	0
8110	168	4.62	2.68	0
8120	168	3.4	2.76	0
8120	169	-2.42	4.99	0
8120	170	-2.04	0.21	0
8120	171	-0.68	8.4	0
8130	168	2.28	2.86	0
8130	169	-1.31	5.14	0
8130	170	-1.28	0.73	0
8130	171	-0.71	8.35	0
8140	168	1.22	2.78	0
8140	169	0.13	5.18	0
8140	170	-0.39	1.2	0
8140	171	-0.91	8.42	0
8150	168	0.14	2.6	0
8150	169	1.42	5.32	1
8150	170	0.52	1.64	1
8150	171	-1.08	8.47	0
8150	172	-1.9	0.09	1
8160	168	-1.03	2.03	0
8160	169	2.69	5.42	1
8160	170	1.42	2.07	1
8160	171	-1.24	8.36	0
8160	172	-1.01	0.97	1
8170	168	-1.4	1.81	0
8170	169	3.98	5.52	1
8170	170	2.36	2.53	1
8170	171	-1.53	8.27	0
8170	172	-0.15	1.51	1
8180	169	5.3	5.58	1
8180	170	3.21	3.01	1
8180	171	-1.87	8.41	0
8180	172	0.84	1.98	1
8190	169	6.57	5.69	1
8190	170	4.04	3.44	1
8190	171	-1.91	8.44	0
8190	172	1.8	2.43	1
8200	169	7.85	5.73	2
8200	170	4.94	3.81	2
8200	171	-2.31	8.41	1
8200	172	2.82	2.87	2
8210	169	9.21	5.7	2
8210	170	5.87	4.15	2
8210	171	-2.66	8.63	1
8210	172	3.96	3.2	2
8220	169	10.5	5.65	2
8220	170	6.95	4.31	2
8220	171	-2.66	8.63	1
8220	172	4.96	3.54	2
8230	169	11.79	5.58	2
8230	170	7.98	4.49	2
8230	171	-2.66	8.63	1
8230	172	6.06	3.88	2
8230	173	-2.8	5.27	0
8240	169	13.25	5.68	2
8240	170	9.07	4.73	2
8240	171	-2.66	8.63	1
8240	172	7.14	4.17	2
8240	173	-1.7	5.23	0
8250	170	10.33	4.92	1
8250	171	-2.69	8.56	0
8250	172	8.22	4.38	1
8250	173	-0.48	5.43	0
8260	170	11.45	5.1	1
8260	171	-2.69	8.52	0
8260	172	9.31	4.57	1
8260	173	0.71	5.43	0
8270	170	12.62	5.21	1
8270	171	-2.39	8.73	0
8270	172	10.36	4.77	1
8270	173	1.93	5.53	0
8280	170	13.68	5.47	1
8280	171	-2.1	8.77	0
8280	172	11.45	4.96	1
8280	173	3.02	5.67	0
8290	171	-1.72	8.74	0
8290	172	12.54	5.23	1
8290	173	4.12	5.72	0
8290	174	-3.14	13.21	0
8290	175	-1.98	0.1	0
8300	171	-1.55	8.62	1
8300	172	13.91	5.62	0
8300	173	5.35	5.77	0
8300	174	-2.68	12.24	0
8300	175	-1.19	0.75	0
8310	171	-1.52	8.59	1
8310	173	6.55	5.79	0
8310	174	-2.1	11.41	0
8310	175	-0.37	1.29	0
8320	171	-1.52	8.59	1
8320	173	7.75	5.71	0
8320	174	-1.38	10.59	0
8320	175	0.53	1.7	0
8330	171	-1.52	8.59	1
8330	173	8.97	5.52	0
8330	174	-0.71	10.15	0
8330	175	1.5	2.13	0
8340	171	-1.52	8.59	1
8340	173	10.17	5.31	0
8340	174	0.08	9.64	0
8340	175	2.4	2.45	0
8350	171	-1.52	8.59	2
8350	173	11.38	5.12	0
8350	174	0.99	9.2	1
8350	175	3.47	2.82	1
8360	171	-1.52	8.59	2
8360	173	12.68	5.13	0
8360	174	2.17	8.84	1
8360	175	4.44	3.03	1
8370	171	-1.97	8.35	2
8370	174	3.15	8.54	1
8370	175	5.39	3.23	1
8370	176	12.82	5.69	0
8370	177	-1.24	7.06	1
8370	178	-1.79	5.43	1
8370	179	-1.54	4.23	1
8380	171	-2.04	8.35	2
8380	174	4.14	8.31	1
8380	175	6.43	3.44	1
8380	176	11.27	6.07	0
8380	177	-0.11	7.14	1
8380	178	-0.72	5.46	1
8380	179	-0.56	4.22	1
8390	171	-2.41	8.33	2
8390	174	5.2	8.09	1
8390	175	7.47	3.7	1
8390	176	9.83	6.14	0
8390	177	0.92	7.19	1
8390	178	0.28	5.46	1
8390	179	0.45	4.27	1
8400	171	-2.62	8.16	2
8400	174	6.25	7.82	1
8400	175	8.48	4	1
8400	176	8.42	6.28	0
8400	177	2.06	7.24	1
8400	178	1.4	5.47	1
8400	179	1.42	4.34	1
8400	180	-0.79	4.28	1
8400	181	-1.11	4.92	1
8400	182	-1.33	5.83	1
8400	183	-2.06	6.5	1
8400	184	-1.68	7.01	1
8410	171	-2.83	7.99	2
8410	174	7.27	7.53	1
8410	175	9.5	4.38	1
8410	176	7.06	6.38	0
8410	177	3.08	7.36	1
8410	178	2.42	5.57	1
8410	179	2.42	4.42	1
8410	180	0.23	4.24	1
8410	181	-0.09	4.8	1
8410	182	-0.03	5.9	1
8410	183	-0.98	6.49	1
8410	184	-0.46	7.21	1
8420	171	-2.83	7.99	2
8420	174	8.28	7.22	1
8420	175	10.48	4.72	1
8420	176	5.67	6.53	0
8420	177	4.15	7.47	1
8420	178	3.55	5.63	1
8420	179	3.43	4.46	1
8420	180	1.22	4.26	1
8420	181	0.91	4.81	1
8420	182	1.21	5.92	1
8420	183	0.29	6.39	1
8420	184	0.72	7.33	1
8430	171	-2.83	7.99	2
8430	174	9.31	6.83	1
8430	175	11.54	4.97	1
8430	176	4.37	6.71	0
8430	177	5.17	7.41	1
8430	178	4.58	5.61	1
8430	179	4.53	4.53	1
8430	180	2.26	4.23	1
8430	181	2.02	4.73	1
8430	182	2.48	5.89	1
8430	183	1.54	6.23	1
8430	184	1.91	7.52	1
8440	171	-2.83	7.99	2
8440	174	10.33	6.48	1
8440	175	12.66	5.2	1
8440	176	2.98	6.81	0
8440	177	6.25	7.24	1
8440	178	5.67	5.64	1
8440	179	5.58	4.65	1
8440	180	3.33	4.17	1
8440	181	3.16	4.62	1
8440	182	3.76	5.87	1
8440	183	2.83	6.14	1
8440	184	3.17	7.73	1
8450	171	-2.83	7.99	2
8450	174	11.32	6.16	1
8450	175	14.15	5.64	0
8450	176	1.54	6.74	0
8450	177	7.26	7.14	1
8450	178	6.7	5.6	1
8450	179	6.7	4.83	1
8450	180	4.28	4.22	1
8450	181	4.12	4.66	1
8450	182	5	5.88	1
8450	183	4.15	6.25	1
8450	184	4.47	7.71	1
8460	171	-2.91	8.04	2
8460	174	12.18	5.82	1
8460	176	0.27	6.65	0
8460	177	8.32	7.1	1
8460	178	7.77	5.57	1
8460	179	7.7	4.91	1
8460	180	5.27	4.2	1
8460	181	5.12	4.68	1
8460	182	6.21	5.92	1
8460	183	5.43	6.38	1
8460	184	5.7	7.52	1
8460	185	-1.98	6.4	3
8460	186	-3.14	7.07	3
8460	187	-2.98	8.82	3
8460	188	-2.8	9.5	3
8470	171	-2.92	8.02	2
8470	174	13.11	5.66	1
8470	176	-0.92	6.69	0
8470	177	9.36	7.15	1
8470	178	8.78	5.56	1
8470	179	8.68	4.94	1
8470	180	6.26	4.23	1
8470	181	6.11	4.7	1
8470	182	7.42	5.96	1
8470	183	6.66	6.4	1
8470	184	6.9	7.38	1
8470	185	-1.15	6.14	3
8470	186	-2.18	7.19	3
8470	187	-2.01	8.65	3
8470	188	-1.84	9.34	3
8480	171	-3.01	8.06	2
8480	176	-2.37	6.69	0
8480	177	10.52	6.88	1
8480	178	9.87	5.58	1
8480	179	9.8	4.83	1
8480	180	7.39	4.3	1
8480	181	7.14	4.77	1
8480	182	8.66	6.07	1
8480	183	7.81	6.44	1
8480	184	8.14	7.33	1
8480	185	0.02	5.85	3
8480	186	-0.95	7.39	3
8480	187	-1.04	8.39	3
8480	188	-0.83	9.14	3
8480	189	11.99	7.34	0
8490	171	-3.05	8.05	2
8490	176	-3.57	6.9	0
8490	177	11.68	6.59	1
8490	178	10.88	5.67	1
8490	179	10.94	4.8	1
8490	180	8.47	4.33	1
8490	181	8.2	4.81	1
8490	182	9.93	6.18	1
8490	183	9.01	6.45	1
8490	184	9.35	7.23	1
8490	185	1.02	6.01	3
8490	186	0.19	7.2	3
8490	187	-0.05	8.14	3
8490	188	0.15	8.94	3
8490	189	10.63	7.83	0
8490	190	-2.64	3.35	0
8500	171	-3.05	8.05	3
8500	177	12.86	6.35	0
8500	178	11.88	5.74	0
8500	179	11.91	4.88	1
8500	180	9.47	4.39	1
8500	181	9.2	4.89	1
8500	182	11.06	6.2	1
8500	183	10.17	6.4	1
8500	184	10.44	7.22	1
8500	185	2.15	5.94	2
8500	186	1.29	6.99	2
8500	187	0.89	7.95	2
8500	188	1.14	8.69	2
8500	189	9.12	7.55	0
8500	190	-1.35	3.64	2
8510	171	-3.05	8.05	3
8510	178	13	5.78	0
8510	179	12.7	5.01	1
8510	180	10.47	4.5	1
8510	181	10.22	4.99	1
8510	182	12.2	6.11	1
8510	183	11.17	6.28	1
8510	184	11.72	6.94	1
8510	185	3.17	6	2
8510	186	2.35	6.75	2
8510	187	2.01	7.83	2
8510	188	2.08	8.5	2
8510	189	7.59	6.74	0
8510	190	-0.31	3.89	2
8510	191	1.19	1.87	2
8520	171	-3.05	8.05	3
8520	179	13.55	5.28	1
8520	180	11.43	4.61	1
8520	181	11.18	5.09	1
8520	182	13.05	6.11	1
8520	183	12.04	6.12	1
8520	184	12.53	6.79	1
8520	185	4.21	6.1	2
8520	186	3.23	6.56	2
8520	187	3.04	7.62	2
8520	188	3.08	8.22	2
8520	189	5.78	5.51	0
8520	190	0.67	4.18	2
8520	191	2.39	2.3	2
8530	171	-3.05	8.05	3
8530	180	12.24	4.79	1
8530	181	12	5.3	1
8530	183	12.85	5.96	1
8530	184	13.36	6.75	1
8530	185	5.29	6.07	2
8530	186	4.05	6.39	2
8530	187	3.97	7.38	2
8530	188	4.02	8.07	2
8530	189	3.79	4.2	0
8530	190	1.69	4.5	2
8530	191	3.36	2.52	2
8540	171	-3.05	8.05	3
8540	180	12.96	4.89	1
8540	181	12.69	5.47	1
8540	183	13.99	5.71	1
8540	185	6.44	5.97	2
8540	186	5.06	6.38	2
8540	187	4.85	7.25	2
8540	188	5.05	7.85	2
8540	189	1.63	3.01	0
8540	190	2.78	4.77	2
8540	191	4.69	2.92	2
8550	171	-2.6	8.07	1
8550	180	13.37	4.96	0
8550	181	13.47	5.74	0
8550	185	7.46	5.73	1
8550	186	6.15	6.07	1
8550	187	5.81	7.03	1
8550	188	6.02	7.58	1
8550	189	-0.52	1.78	0
8550	190	3.83	4.9	1
8550	191	5.89	3.18	1
8560	171	-2.51	7.78	1
8560	185	8.58	5.61	1
8560	186	7.14	5.8	1
8560	187	6.75	6.83	1
8560	188	6.96	7.36	1
8560	189	-2.55	0.26	0
8560	190	4.86	5.01	1
8560	191	7.1	3.34	1
8570	171	-2.38	7.73	1
8570	185	9.71	5.55	1
8570	186	8.05	5.51	1
8570	187	7.64	6.68	1
8570	188	7.87	7.16	1
8570	189	-4.58	-1.35	0
8570	190	5.92	5.15	1
8570	191	8.26	3.53	1
8580	171	-1.91	7.79	1
8580	185	10.78	5.64	1
8580	186	8.92	5.48	1
8580	187	8.54	6.5	1
8580	188	8.96	7.12	1
8580	190	6.92	5.25	1
8580	191	9.45	4.04	1
8590	171	-1.54	7.72	1
8590	185	11.92	5.71	1
8590	186	9.79	5.34	1
8590	187	9.42	6.35	1
8590	188	9.86	6.97	1
8590	190	7.93	5.35	1
8590	191	10.66	4.32	1
8600	171	-1.04	7.8	1
8600	185	13.06	5.59	0
8600	186	10.6	5.04	1
8600	187	10.28	6.21	1
8600	188	10.74	6.82	1
8600	190	8.98	5.4	1
8600	191	11.74	4.72	1
8610	171	-0.62	7.82	1
8610	186	11.45	5.1	1
8610	187	11.07	6.04	1
8610	188	11.51	6.66	1
8610	190	9.94	5.5	1
8610	191	12.86	5.08	1
8620	171	-0.16	7.77	1
8620	186	12.3	4.95	1
8620	187	11.79	5.96	1
8620	188	12.22	6.55	1
8620	190	10.73	5.55	1
8620	191	13.31	5.34	1
8630	171	0.28	7.86	1
8640	171	0.67	7.8	1
8650	171	1.02	7.75	0
8660	171	1.44	7.87	0
8670	171	1.86	7.85	0
8680	171	2.22	7.89	0
8690	171	2.6	8.01	0
8700	171	3.04	7.99	0
8710	171	3.5	8.06	0
8710	192	9.83	7.07	1
8710	193	9.74	7.75	1
8720	171	3.94	8.17	0
8720	192	8.82	7.21	1
8720	193	8.73	7.9	1
8730	171	4.33	8.23	0
8730	192	7.8	7.32	1
8730	193	7.75	7.99	1
8740	171	4.73	8.38	0
8740	192	6.8	7.29	1
8740	193	6.75	7.95	1
8750	171	5.04	8.46	0
8750	192	5.8	7.18	1
8750	193	5.75	7.85	1
8760	171	5.33	8.54	0
8760	192	4.79	7.14	1
8760	193	4.79	7.82	1
8770	171	5.87	8.6	0
8770	192	3.77	7.22	1
8770	193	3.77	7.91	1
8780	171	6.27	8.5	0
8780	192	2.79	7.46	1
8780	193	2.79	8.16	1
8790	171	6.7	8.4	1
8790	192	1.76	7.9	2
8790	193	1.8	8.45	2
8800	171	6.96	8.4	1
8800	192	0.88	8.36	2
8800	193	1.34	9.1	2
8810	171	6.96	8.4	1
8810	192	0.03	8.91	2
8810	193	0.53	9.5	2
8820	171	7.2	7.95	1
8830	171	7.23	7.85	1
8840	171	7.23	7.85	1
8850	171	7.23	7.85	1
8860	171	7.23	7.85	1
8860	194	0.46	4.97	0
8870	171	7.2	7.88	1
8870	194	1.56	5.01	0
8880	171	7.07	7.94	1
8880	194	2.66	5	0
8890	171	6.81	7.86	0
8890	194	3.73	5.04	0
8890	195	12.71	4.95	1
8900	171	6.51	7.74	0
8900	194	4.86	5.11	0
8900	195	11.82	4.59	1
8900	196	13.43	5.21	1
8910	171	6.16	7.76	0
8910	194	6.05	5.1	0
8910	195	10.96	4.34	1
8910	196	12.66	5.11	1
8910	197	12.43	6.04	1
8920	171	5.78	7.73	0
8920	194	7.16	5.12	0
8920	195	9.86	4.25	1
8920	196	11.82	4.85	1
8920	197	11.5	6.03	1
8930	171	5.4	7.69	0
8930	194	8.16	5.15	0
8930	195	9.11	4.13	1
8930	196	10.98	4.75	1
8930	197	10.81	5.8	1
8930	198	12.76	6.28	0
8940	171	4.99	7.72	1
8940	194	8.86	5.52	0
8940	195	8.16	3.99	1
8940	196	10.18	4.55	1
8940	197	10.28	5.52	1
8940	198	11.83	6.52	1
8940	199	-1.31	4.48	0
8940	200	13.26	5.37	1
8950	171	4.59	7.71	1
8950	194	9.47	5.91	0
8950	195	7.27	3.93	1
8950	196	9.41	4.41	1
8950	197	9.8	5.22	1
8950	198	10.89	6.9	1
8950	199	-0.13	4.59	0
8950	200	12.39	4.74	1
8960	171	4.13	7.78	1
8960	194	10.35	6	0
8960	195	6.39	3.81	1
8960	196	8.72	4.26	1
8960	197	8.97	4.98	1
8960	198	9.99	7.22	1
8960	199	1.08	4.71	0
8960	200	11.65	4.3	1
8960	201	12.01	6.94	1
8970	171	3.73	7.92	1
8970	194	11.31	5.95	0
8970	195	5.51	3.66	1
8970	196	7.99	4.03	1
8970	197	8.18	4.88	1
8970	198	9.05	7.33	1
8970	199	2.28	4.86	0
8970	200	10.84	3.93	1
8970	201	10.89	7.38	1
8970	202	12.87	5.37	0
8970	203	12.86	4.81	0
8980	171	3.3	7.97	1
8980	194	12.44	6.02	0
8980	195	4.64	3.51	1
8980	196	7.2	3.96	1
8980	197	7.24	4.8	1
8980	198	8.09	7.41	1
8980	199	3.45	5.07	0
8980	200	10.01	3.66	1
8980	201	9.92	7.71	1
8980	202	11.94	5.24	0
8980	203	12.03	4.64	0
8990	171	2.87	8.04	1
8990	195	3.69	3.38	1
8990	196	6.39	3.77	1
8990	197	6.35	4.58	1
8990	198	7.1	7.47	1
8990	199	4.64	5.32	0
8990	200	9.19	3.51	1
8990	201	8.79	8.03	1
8990	202	11.07	5.14	1
8990	203	11.17	4.48	1
8990	204	-2.58	4.48	0
8990	205	13.12	4.75	1
9000	171	2.42	8.16	1
9000	195	2.82	3.19	1
9000	196	5.5	3.53	1
9000	197	5.42	4.35	1
9000	198	6.15	7.57	1
9000	199	5.85	5.49	0
9000	200	8.21	3.32	1
9000	201	7.68	8.2	1
9000	202	10.18	5.01	1
9000	203	10.29	4.3	1
9000	204	-1.45	4.7	0
9000	205	11.82	4.28	1
9010	171	1.97	8.24	1
9010	195	1.98	2.77	1
9010	196	4.65	3.36	1
9010	197	4.42	4.2	1
9010	198	5.19	7.76	1
9010	199	7.05	5.63	0
9010	200	7.32	3.14	1
9010	201	6.53	8.51	1
9010	202	9.25	4.81	1
9010	203	9.37	4.01	1
9010	204	-0.25	4.82	0
9010	205	10.66	3.65	1
9020	171	1.52	8.35	1
9020	195	1.2	2.43	1
9020	196	3.73	3.12	1
9020	197	3.5	4	1
9020	198	4.25	8.04	1
9020	199	8.23	5.61	0
9020	200	6.36	2.9	1
9020	201	5.63	8.76	1
9020	202	8.31	4.64	1
9020	203	8.41	3.97	1
9020	204	0.76	5.02	0
9020	205	9.57	3.33	1
9020	206	-1.57	4.84	0
9030	171	1.15	8.41	1
9030	195	0.29	2.04	1
9030	196	2.76	2.95	1
9030	197	2.6	3.85	1
9030	198	3.32	8.27	1
9030	199	9.46	5.64	0
9030	200	5.2	2.65	1
9030	201	4.6	8.51	1
9030	202	7.37	4.49	1
9030	203	7.47	3.84	1
9030	204	1.95	5.38	0
9030	205	8.36	2.95	1
9030	206	-0.34	4.96	0
9040	171	0.74	8.37	2
9040	195	-0.52	1.69	1
9040	196	1.92	2.82	1
9040	197	1.68	3.68	1
9040	198	2.38	8.53	2
9040	199	10.63	5.64	0
9040	200	4.46	2.6	1
9040	201	3.62	7.93	2
9040	202	6.38	4.37	1
9040	203	6.52	3.69	1
9040	204	3.06	5.65	3
9040	205	7.22	2.79	1
9040	206	0.89	5.11	3
9050	171	0.31	8.36	2
9050	195	-1.13	1.29	1
9050	196	1.01	2.52	1
9050	197	0.78	3.47	1
9050	198	1.45	8.79	2
9050	199	11.92	5.64	0
9050	200	3.55	2.53	1
9050	201	2.51	7.5	2
9050	202	5.48	4.18	1
9050	203	5.62	3.53	1
9050	204	4.25	5.74	3
9050	205	5.95	2.54	1
9050	206	2.07	5.25	3
9050	207	-2.81	5.16	3
9060	171	-0.14	8.31	2
9060	195	-2	0.59	1
9060	196	0.07	2.2	1
9060	197	-0.11	3.23	1
9060	198	0.6	9.1	2
9060	200	2.91	2.39	1
9060	201	1.34	7.24	2
9060	202	4.55	4.11	1
9060	203	4.64	3.37	1
9060	204	5.39	5.76	3
9060	205	4.74	2.34	1
9060	206	3.31	5.29	3
9060	207	-1.77	5.1	3
9070	171	-0.58	8.25	2
9070	195	-2.64	0.11	1
9070	196	-0.89	1.79	1
9070	197	-0.93	2.87	1
9070	198	-0.3	9.53	2
9070	200	1.96	2.13	1
9070	201	0.03	7.06	2
9070	202	3.6	3.97	1
9070	203	3.69	3.21	1
9070	204	6.54	5.69	3
9070	205	3.5	1.98	1
9070	206	4.55	5.22	3
9070	207	-0.85	5.1	3
9080	171	-1.01	8.35	2
9080	195	-3.5	-0.44	1
9080	196	-1.65	1.35	1
9080	197	-1.75	2.32	1
9080	198	-1.09	10.05	2
9080	200	1.05	1.86	1
9080	201	-1.12	6.97	2
9080	202	2.63	3.87	1
9080	203	2.68	3.11	1
9080	204	7.73	5.64	3
9080	205	2.6	1.82	1
9080	206	5.69	5.14	3
9080	207	0.24	5.1	3
9080	208	-3.33	4.78	0
9090	171	-1.36	8.51	3
9090	195	-4.04	-1.06	0
9090	196	-2.33	0.88	1
9090	197	-3.09	1.52	1
9090	198	-1.86	10.49	0
9090	200	0.18	1.55	1
9090	201	-2.46	7.17	3
9090	202	1.7	3.68	1
9090	203	1.74	2.96	1
9090	204	8.89	5.61	2
9090	205	1.55	1.45	1
9090	206	6.89	5.11	2
9090	207	1.45	5.11	2
9090	208	-2.39	4.89	2
9090	209	-3.41	-1.97	0
9100	171	-1.5	8.5	3
9100	195	-4.6	-1.81	0
9100	196	-2.92	0.35	1
9100	197	-3.83	0.91	1
9100	198	-2.62	11.08	0
9100	200	-0.66	1.36	1
9100	201	-3.69	7.19	3
9100	202	0.75	3.61	1
9100	203	0.81	2.87	1
9100	204	10.1	5.57	2
9100	205	0.99	1.34	1
9100	206	8.1	5.1	2
9100	207	2.53	5.13	2
9100	208	-1.01	4.91	2
9100	209	-2.5	-0.82	0
9110	171	-2.08	8.54	3
9110	196	-3.59	-0.24	1
9110	197	-4.47	0.28	1
9110	200	-1.5	0.99	1
9110	201	-4.75	7.13	3
9110	202	-0.3	3.51	1
9110	203	-0.16	2.72	1
9110	204	11.24	5.58	2
9110	205	-0.2	1.13	1
9110	206	9.21	5.16	2
9110	207	3.62	5.2	2
9110	208	0.17	4.87	2
9110	209	-1.85	-0.27	0
9110	210	-3.15	5.55	2
9110	211	-3.28	4.75	2
9120	171	-2.41	8.59	3
9120	200	-2.34	0.54	1
9120	201	-5.84	6.95	3
9120	202	-1.29	3.4	1
9120	203	-1.04	2.62	1
9120	204	12.41	5.5	2
9120	205	-1.09	0.97	1
9120	206	10.44	5.22	2
9120	207	4.74	5.32	2
9120	208	1.36	4.91	2
9120	209	-0.83	0.28	0
9120	210	-2.09	5.54	2
9120	211	-2.24	4.74	2
9130	171	-2.81	8.43	3
9130	202	-2.3	3.29	1
9130	203	-2.24	2.57	1
9130	204	13.77	5.49	2
9130	206	11.73	5.24	2
9130	207	5.88	5.36	2
9130	208	2.57	4.97	2
9130	209	0.29	0.83	0
9130	210	-0.97	5.66	2
9130	211	-1.4	4.87	2
9140	171	-2.89	8.55	0
9140	202	-3.23	3.22	0
9140	203	-3.08	2.5	0
9140	206	12.91	5.28	0
9140	207	7.21	5.41	1
9140	208	3.66	4.93	1
9140	209	1.17	1.58	1
9140	210	0.14	5.73	1
9140	211	-0.08	4.83	1
9150	171	-2.93	8.65	0
9150	207	8.34	5.45	1
9150	208	4.88	4.93	1
9150	209	2.26	2.27	1
9150	210	1.18	5.8	1
9150	211	1.03	4.88	1
9160	171	-2.98	8.75	0
9160	207	9.48	5.36	1
9160	208	5.99	5.07	1
9160	209	3.45	2.88	1
9160	210	2.19	5.89	1
9160	211	2.07	4.95	1
9170	171	-2.98	8.75	0
9170	207	10.65	5.35	1
9170	208	7.06	5.27	1
9170	209	4.62	3.3	1
9170	210	3.25	5.95	1
9170	211	3.1	5.03	1
9180	171	-2.96	8.42	0
9180	207	11.71	5.24	1
9180	208	8.25	5.37	1
9180	209	5.86	3.74	1
9180	210	4.27	5.96	1
9180	211	4.17	5.04	1
9190	171	-2.96	8.42	1
9190	207	12.68	5.03	0
9190	208	9.36	5.28	2
9190	209	7.1	4.03	2
9190	210	5.36	6.04	2
9190	211	5.19	5.17	2
9200	171	-3.31	8.09	1
9200	207	13.6	4.99	0
9200	208	10.52	5.17	2
9200	209	8.37	4.34	2
9200	210	6.53	6.23	2
9200	211	6.25	5.27	2
9200	212	12.68	6.64	3
9210	171	-3.38	8.03	1
9210	208	11.64	5.01	2
9210	209	9.62	4.58	2
9210	210	7.54	6.33	2
9210	211	7.25	5.3	2
9210	212	11.6	7.02	3
9210	213	12.89	6.34	3
9210	214	13.32	5.77	3
9220	171	-3.38	8.03	1
9220	208	12.82	5	2
9220	209	10.82	4.84	2
9220	210	8.46	6.37	2
9220	211	8.31	5.33	2
9220	212	10.6	7.32	3
9220	213	11.86	6.49	3
9220	214	12.02	6.05	3
9230	171	-3.87	7.94	1
9230	208	14.42	5.44	2
9230	209	12.14	5.09	2
9230	210	9.14	6.07	2
9230	211	9.3	5.26	2
9230	212	9.64	7.42	3
9230	213	10.62	6.83	3
9230	214	11.16	6.19	3
9240	171	-3.96	7.92	0
9240	209	13.32	5.31	0
9240	210	9.98	5.88	1
9240	211	10.37	5.22	1
9240	212	8.56	7.47	2
9240	213	9.46	6.88	2
9240	214	10.14	6.54	2
9250	171	-3.96	7.92	0
9250	210	10.97	5.82	1
9250	211	11.41	5.16	1
9250	212	7.5	7.54	2
9250	213	8.37	6.64	2
9250	214	9.07	6.61	2
9260	210	11.93	5.81	1
9260	211	12.51	5.09	1
9260	212	6.41	7.54	2
9260	213	7.26	6.4	2
9260	214	7.94	6.89	2
9270	210	12.79	5.58	1
9270	211	13.68	5.26	1
9270	212	5.36	7.57	2
9270	213	6.12	6.26	2
9270	214	6.63	7.21	2
9280	212	4.25	7.51	2
9280	213	5.02	6.11	2
9280	214	5.38	7.15	2
9290	212	3.18	7.51	1
9290	213	3.87	6.16	1
9290	214	4.06	7.02	1
9300	212	2.11	7.53	1
9300	213	2.7	6.24	1
9300	214	2.87	7	1
9300	215	10.78	6.43	0
9300	216	-4.26	8.11	0
9300	217	-6.49	5.93	2
9300	218	-6.57	4.94	2
9310	212	1.01	7.55	1
9310	213	1.55	6.23	1
9310	214	1.71	6.97	1
9310	215	9.71	6.27	0
9310	216	-3.98	8.01	0
9310	217	-5.23	5.72	2
9310	218	-5.53	4.76	2
9320	212	-0.06	7.58	1
9320	213	0.41	6.24	1
9320	214	0.57	7	1
9320	215	8.67	5.92	0
9320	216	-3.84	7.96	0
9320	217	-4.08	5.55	2
9320	218	-4.22	4.65	2
9330	212	-1.05	7.5	1
9330	213	-0.72	6.34	1
9330	214	-0.56	7.02	1
9330	215	7.68	5.41	0
9330	216	-3.31	8.21	0
9330	217	-2.85	5.38	2
9330	218	-3.01	4.55	2
9340	212	-1.9	7.47	1
9340	213	-1.83	6.38	1
9340	214	-1.73	7.15	1
9340	215	6.72	4.86	0
9340	216	-2.9	8.26	0
9340	217	-1.59	5.29	2
9340	218	-1.71	4.33	2
9350	212	-2.58	7.09	1
9350	213	-3.02	6.4	1
9350	214	-3.21	7.54	1
9350	215	5.8	4.25	0
9350	216	-2.79	8.41	0
9350	217	-0.46	5.44	2
9350	218	-0.46	4.34	2
9360	212	-3.61	7.14	1
9360	213	-4.07	6.45	1
9360	214	-4.26	7.54	1
9360	215	4.87	3.58	0
9360	216	-2.51	8.43	0
9360	217	0.84	5.4	2
9360	218	0.76	4.38	2
9370	215	3.89	3.04	0
9370	216	-2.23	8.46	0
9370	217	2.17	5.36	2
9370	218	1.95	4.43	2
9380	215	3.02	2.68	0
9380	216	-2.01	8.44	0
9380	217	3.38	5.35	2
9380	218	3.22	4.43	2
9390	215	2.1	2.34	0
9390	216	-1.86	8.34	1
9390	217	4.58	5.33	2
9390	218	4.43	4.4	2
9400	215	1.06	1.97	0
9400	216	-1.65	8.28	1
9400	217	5.81	5.36	2
9400	218	5.62	4.42	2
9400	219	-2.37	4.43	0
9400	220	12.45	4.75	0
9410	215	0.2	1.46	0
9410	216	-1.65	8.28	1
9410	217	7.03	5.48	2
9410	218	7.03	4.45	2
9410	219	-1.19	4.36	0
9410	220	11.2	4.34	0
9420	215	-0.59	0.93	0
9420	216	-1.65	8.28	1
9420	217	8.22	5.66	2
9420	218	8.27	4.58	2
9420	219	-0.09	4.4	0
9420	220	9.97	3.91	0
9420	221	-2.45	0.24	0
9430	215	-1.43	0.46	0
9430	216	-2.21	8.09	1
9430	217	9.47	5.82	2
9430	218	9.46	4.73	2
9430	219	1.03	4.5	0
9430	220	8.71	3.56	0
9430	221	-1.79	1.08	0
9440	215	-2.22	-0.28	0
9440	216	-2.21	8.09	1
9440	217	10.61	5.9	2
9440	218	10.67	4.86	2
9440	219	2.08	4.51	3
9440	220	7.5	3.33	0
9440	221	-0.74	1.72	3
9450	216	-2.23	8.18	1
9450	217	11.64	5.99	2
9450	218	11.78	5.03	2
9450	219	3.33	4.67	3
9450	220	6.29	3.09	0
9450	221	0.23	2.23	3
9460	216	-2.25	8.28	1
9460	217	12.52	6.05	2
9460	218	12.67	5.2	2
9460	219	4.52	4.75	3
9460	220	5.05	2.85	0
9460	221	1.23	2.66	3
9470	216	-2.25	8.28	1
9470	219	5.63	4.79	3
9470	220	3.87	2.64	0
9470	221	2.23	3.11	3
9480	216	-2.25	8.28	1
9480	219	6.76	4.84	3
9480	220	2.57	2.41	0
9480	221	3.23	3.5	3
9490	216	-2.25	8.28	1
9490	219	7.91	4.8	2
9490	220	1.38	2.2	0
9490	221	4.26	3.81	2
9500	216	-2.25	8.28	1
9500	219	9.02	4.66	2
9500	220	0.12	2	0
9500	221	5.31	3.97	2
9500	222	-3.28	-2	0
9510	216	-2.78	8.5	1
9510	219	10.16	4.49	2
9510	220	-1.06	1.68	0
9510	221	6.46	4.11	2
9510	222	-2.79	-1.06	0
9520	216	-2.81	8.44	1
9520	219	11.3	4.33	2
9520	220	-2.2	1.21	0
9520	221	7.67	4.19	2
9520	222	-2.05	-0.04	0
9530	216	-2.98	8.14	1
9530	219	12.45	4.39	2
9530	220	-3.16	0.42	0
9530	221	8.84	4.27	2
9530	222	-1.19	1.01	0
9530	223	-0.71	5.6	0
9530	224	-1.46	6.86	0
9540	216	-2.98	8.14	1
9540	219	13.57	4.79	0
9540	221	9.98	4.51	0
9540	222	-0.02	1.41	0
9540	223	0.37	5.63	2
9540	224	-0.24	6.75	2
9550	216	-3.27	8.07	1
9550	221	11.13	4.79	0
9550	222	1.08	1.84	0
9550	223	1.48	5.61	2
9550	224	0.86	6.77	2
9560	216	-3.27	8.07	1
9560	221	12.32	5.04	0
9560	222	2.37	2.27	0
9560	223	2.68	5.6	2
9560	224	1.92	6.97	2
9570	216	-3.27	8.07	1
9570	221	13.5	5.21	0
9570	222	3.65	2.61	0
9570	223	3.83	5.57	2
9570	224	2.97	6.99	2
9580	216	-3.27	8.07	1
9580	222	4.78	2.91	0
9580	223	4.94	5.51	2
9580	224	4.1	6.89	2
9590	216	-3.27	8.07	1
9590	222	6.02	3.29	2
9590	223	6.07	5.5	2
9590	224	5.21	6.79	2
9600	216	-3.27	8.07	1
9600	222	7.52	3.58	2
9600	223	7.32	5.55	2
9600	224	6.38	6.64	2
9610	216	-3.27	8.07	1
9610	222	8.82	3.86	2
9610	223	8.37	5.53	2
9610	224	7.44	6.53	2
9620	216	-3.27	8.07	1
9620	222	10.19	4.13	2
9620	223	9.47	5.48	2
9620	224	8.43	6.47	2
9620	226	12.81	6.56	0
9630	216	-3.27	8.07	1
9630	222	11.56	4.46	2
9630	223	10.53	5.45	2
9630	224	9.39	6.31	2
9630	226	11.73	6.86	0
9630	227	1.07	6.45	0
9630	228	0.95	7.09	0
9640	216	-3.27	8.07	0
9640	222	13.03	5	0
9640	223	11.65	5.43	0
9640	224	10.38	6.09	0
9640	226	10.65	7.09	0
9640	227	2.45	6.36	1
9640	228	2.3	7.03	1
9650	216	-3.61	7.93	0
9650	223	12.72	5.52	0
9650	224	11.38	5.91	0
9650	226	9.53	7.27	0
9650	227	3.72	6.29	1
9650	228	3.62	6.95	1
9660	216	-3.68	7.91	0
9660	226	8.38	7.46	0
9660	227	5.03	6.19	1
9660	228	5	6.83	1
9670	216	-3.78	7.9	0
9670	226	7.24	7.65	0
9670	227	6.3	6.11	1
9670	228	6.24	6.66	1
9680	216	-4.41	7.87	0
9680	226	6.08	7.73	0
9680	227	7.55	5.84	1
9680	228	7.43	6.53	1
9680	229	1.76	2.48	0
9680	230	-3.11	5.32	0
9680	231	-3.38	4.31	0
9690	216	-4.67	7.75	2
9690	226	4.94	7.74	0
9690	227	8.76	5.61	1
9690	228	8.72	6.49	1
9690	229	2.77	2.84	1
9690	230	-2.09	5.21	1
9690	231	-2.48	4.25	1
9700	216	-4.84	7.8	2
9700	226	3.78	7.66	0
9700	227	10.03	5.57	1
9700	228	10.04	6.37	1
9700	229	3.9	3.26	1
9700	230	-1.28	5.33	1
9700	231	-1.51	4.28	1
9710	216	-4.84	7.84	2
9710	226	2.61	7.56	0
9710	227	11.43	5.48	1
9710	228	11.43	6.26	1
9710	229	5.05	3.61	1
9710	230	-0.44	5.26	1
9710	231	-0.43	4.34	1
9720	216	-4.84	7.84	2
9720	226	1.48	7.43	0
9720	227	12.6	5.57	1
9720	228	12.72	6.18	1
9720	229	6.15	3.86	1
9720	230	0.45	5.28	1
9720	231	0.48	4.39	1
9730	216	-4.84	7.84	2
9730	226	0.32	7.31	0
9730	227	13.48	5.38	1
9730	228	13.48	6.13	1
9730	229	7.28	4.05	1
9730	230	1.34	5.34	1
9730	231	1.36	4.49	1
9740	216	-4.84	7.84	1
9740	226	-0.83	7.11	0
9740	229	8.49	4.23	0
9740	230	2.28	5.27	2
9740	231	2.24	4.5	2
9750	216	-4.84	7.84	1
9750	229	9.65	4.44	0
9750	230	3.18	5.2	2
9750	231	3.05	4.41	2
9750	232	12.66	6.61	0
9760	216	-4.78	7.79	1
9760	229	10.82	4.65	0
9760	230	4.11	5.16	2
9760	231	3.89	4.27	2
9760	232	11.56	6.67	0
9770	216	-4.83	7.83	1
9770	229	12.01	4.91	0
9770	230	5.03	5.09	2
9770	231	4.7	4.11	2
9770	232	10.43	6.68	0
9780	216	-4.92	7.89	1
9780	229	13.1	5.24	0
9780	230	6.02	5.04	2
9780	231	5.54	4.15	2
9780	232	9.3	6.63	0
9780	233	0.08	9.05	0
9790	216	-5.03	7.89	0
9790	230	7.01	5.03	1
9790	231	6.36	4.2	1
9790	232	8.21	6.48	0
9790	233	1.16	8.69	0
9800	216	-5.23	7.82	0
9800	230	8.05	4.96	1
9800	231	7.17	4.25	1
9800	232	7.05	6.06	0
9800	233	2.31	8.46	0
9810	216	-5.42	7.85	0
9810	230	8.94	4.89	1
9810	231	8.09	4.24	1
9810	232	5.93	5.72	0
9810	233	3.43	8.17	0
9820	216	-5.67	7.99	0
9820	230	9.88	4.84	1
9820	231	8.97	4.1	1
9820	232	4.87	5.45	0
9820	233	4.64	7.9	0
9830	216	-5.86	8.05	0
9830	230	10.74	4.75	1
9830	231	9.76	4.21	1
9830	232	3.89	5.27	0
9830	233	5.83	7.6	0
9830	234	-2.62	-0.32	0
9830	235	-3.15	0.11	0
9840	216	-6.06	8.09	0
9840	230	11.7	4.6	1
9840	231	10.5	4.2	3
9840	232	2.82	4.93	0
9840	233	6.94	7.29	3
9840	234	-2.06	0.21	2
9840	235	-2.61	0.63	0
9850	216	-6.22	8.28	0
9850	230	12.52	4.3	1
9850	231	11.12	4.05	3
9850	232	1.74	4.55	0
9850	233	8.12	6.99	3
9850	234	-1.9	0.49	2
9850	235	-2.39	0.96	0
9860	216	-6.25	8.45	0
9860	230	13.01	4.26	1
9860	231	11.67	4	3
9860	232	0.74	4.12	0
9860	233	9.24	6.75	3
9860	234	-1.89	0.61	2
9860	235	-2.08	1.37	0
9870	216	-6.18	8.65	0
9870	230	13.05	4.4	1
9870	231	12.02	3.8	3
9870	232	-0.26	3.62	0
9870	233	10.39	6.65	3
9870	234	-1.38	0.82	2
9870	235	-2.04	1.43	0
9870	236	12.83	5.79	0
9880	216	-5.02	9.02	0
9880	230	13.05	4.4	1
9880	231	12.2	3.83	3
9880	232	-1.19	3.03	0
9880	233	11.72	6.46	3
9880	234	-1.38	0.82	2
9880	235	-2.07	1.55	0
9880	236	11.73	5.73	0
9890	216	-3.86	9.6	0
9890	230	12.68	4.6	1
9890	231	12.29	3.76	1
9890	232	-1.65	2.4	0
9890	233	12.99	6.22	0
9890	234	-1.7	0.82	0
9890	235	-2.57	2.14	0
9890	236	10.73	5.85	0
9900	216	-2.62	9.95	0
9900	230	12.61	4.7	1
9900	231	12.26	3.82	1
9900	232	-2.31	1.41	0
9900	234	-1.67	1.2	0
9900	235	-3.17	2.78	0
9900	236	9.8	6.02	0
9910	230	12.62	4.76	1
9910	231	12.25	3.84	1
9910	232	-2.96	0.51	0
9910	236	8.87	6.15	0
9920	230	12.65	4.76	1
9920	231	12.25	3.84	1
9920	236	8.01	6.23	0
9920	237	-1.38	7.43	0
9920	238	-2.36	6.64	0
9920	239	-1.57	5.57	0
9920	240	-1.36	4.73	0
9920	241	-1.38	8.19	0
9920	242	-0.92	9.05	0
9930	230	12.65	4.76	1
9930	231	12.25	3.84	1
9930	236	7.09	6.33	0
9930	237	-0.43	7.28	0
9930	238	-1.3	6.46	0
9930	239	-0.74	5.53	0
9930	240	-0.48	4.76	0
9930	241	-0.08	8.1	0
9930	242	0.43	8.91	0
9930	243	-2.56	5.74	0
9940	230	12.65	4.76	2
9940	231	12.25	3.84	2
9940	236	6.25	6.31	0
9940	237	0.45	7.18	1
9940	238	-0.52	6.38	1
9940	239	0.07	5.49	1
9940	240	0.49	4.84	1
9940	241	1.16	7.94	1
9940	242	1.62	8.69	1
9940	243	-1.65	6.2	1
9950	230	12.68	4.76	2
9950	231	12.25	3.84	2
9950	236	5.46	6.21	0
9950	237	1.3	7.13	1
9950	238	0.43	6.41	1
9950	239	1.01	5.49	1
9950	240	1.47	4.88	1
9950	241	2.39	7.74	1
9950	242	2.83	8.41	1
9950	243	-0.51	6.6	1
9960	230	12.62	4.88	2
9960	231	12.25	3.93	2
9960	236	4.72	6.05	0
9960	237	2.15	7.13	1
9960	238	1.29	6.33	1
9960	239	1.95	5.41	1
9960	240	2.4	4.83	1
9960	241	3.65	7.49	1
9960	242	4.11	8.12	1
9960	243	0.5	6.91	1
9970	230	13.18	5.24	2
9970	231	12.58	4.26	2
9970	236	3.98	6.02	0
9970	237	3.08	7.22	1
9970	238	2.26	6.48	1
9970	239	2.87	5.33	1
9970	240	3.31	4.79	1
9970	241	4.87	7.24	1
9970	242	5.42	7.89	1
9970	243	1.52	7.11	1
9970	244	-2.59	5.75	0
9980	230	13.18	5.24	2
9980	231	13.53	5	2
9980	236	3.09	5.81	0
9980	237	3.88	7.28	1
9980	238	3.12	6.62	1
9980	239	3.75	5.37	1
9980	240	4.22	4.83	1
9980	241	6.06	6.99	1
9980	242	6.58	7.59	1
9980	243	2.48	7.34	1
9980	244	-1.43	5.98	0
9990	236	2.28	5.53	0
9990	237	4.79	7.18	1
9990	238	4.01	6.58	1
9990	239	4.62	5.47	1
9990	240	5.11	4.88	1
9990	241	7.28	6.75	1
9990	242	7.78	7.26	1
9990	243	3.55	7.5	1
9990	244	-0.29	6.13	1
10000	236	1.51	5.06	0
10000	237	5.73	7.14	1
10000	238	4.87	6.44	1
10000	239	5.44	5.48	1
10000	240	5.97	4.96	1
10000	241	8.51	6.47	1
10000	242	8.99	6.94	1
10000	243	4.6	7.58	1
10000	244	0.78	6.32	1
10010	236	0.75	4.51	0
10010	237	6.53	6.85	1
10010	238	5.7	6.4	1
10010	239	6.19	5.49	1
10010	240	6.78	4.97	1
10010	241	9.76	6.13	1
10010	242	10.19	6.7	1
10010	243	5.66	7.62	1
10010	244	1.97	6.52	1
10020	236	0.15	3.78	0
10020	237	7.37	6.73	1
10020	238	6.56	6.34	1
10020	239	6.97	5.46	1
10020	240	7.51	5.02	1
10020	241	11.28	5.73	1
10020	242	11.51	6.62	1
10020	243	6.77	7.61	1
10020	244	3.08	6.59	1
10030	237	8.19	6.6	1
10030	238	7.4	6.31	1
10030	239	7.74	5.47	1
10030	240	8.27	5.04	1
10030	241	12.63	5.51	1
10030	242	12.75	6.4	1
10030	243	7.89	7.55	1
10030	244	4.13	6.67	1
10040	237	9.05	6.51	1
10040	238	8.18	6.3	1
10040	239	8.51	5.47	1
10040	240	9.2	5.08	1
10040	241	13.98	5.64	0
10040	242	13.9	6.27	0
10040	243	9.1	7.43	1
10040	244	5.29	6.75	1
10050	237	9.86	6.38	1
10050	238	8.79	6.2	1
10050	239	9.12	5.37	1
10050	240	10.14	5.01	1
10050	243	10.35	7.26	1
10050	244	6.37	6.79	1
10060	237	10.67	6.24	1
10060	238	9.4	6.11	1
10060	239	9.74	5.31	1
10060	240	11	4.93	1
10060	243	11.62	6.99	1
10060	244	7.48	6.9	1
10070	237	11.38	6.14	1
10070	238	9.77	5.93	1
10070	239	10.47	5.34	1
10070	240	11.86	4.87	1
10070	243	12.82	6.72	1
10070	244	8.67	6.96	1
10080	237	12.02	6.03	1
10080	238	10.15	5.81	1
10080	239	11.28	5.18	1
10080	240	12.71	4.91	1
10080	244	9.86	6.88	1
10090	237	12.77	5.98	0
10090	238	10.53	5.52	1
10090	239	12.01	5.09	1
10090	240	13.46	5.1	0
10090	244	11.09	6.76	1
10100	237	13.94	6.24	0
10100	238	10.95	5.31	1
10100	239	12.74	5.32	1
10100	244	12.26	6.62	1
10100	245	4.12	6.31	1
10100	246	3.96	5.35	1
10100	247	2.31	4.06	1
10100	248	2.11	4.96	1
10100	249	2.6	5.47	1
10110	238	11.39	5.02	1
10110	239	13.43	5.4	1
10110	244	13.49	6.73	1
10110	245	5.17	6.31	1
10110	246	5.1	5.5	1
10110	247	3.16	3.92	1
10110	248	3.13	4.87	1
10110	249	3.53	5.45	1
10120	238	11.78	4.76	1
10120	245	6.21	6.27	1
10120	246	6.11	5.51	1
10120	247	4.11	3.84	1
10120	248	4.03	4.79	1
10120	249	4.41	5.4	1
10130	238	12.07	4.78	1
10130	245	7.26	6.31	1
10130	246	7.14	5.57	1
10130	247	4.99	3.78	1
10130	248	5.03	4.68	1
10130	249	5.41	5.4	1
10140	238	12.29	4.67	0
10140	245	8.28	6.37	1
10140	246	8.09	5.58	1
10140	247	5.95	3.82	1
10140	248	5.98	4.65	1
10140	249	6.39	5.3	1
10150	238	12.34	4.69	0
10150	245	9.36	6.48	1
10150	246	9.19	5.58	1
10150	247	6.93	3.76	1
10150	248	7.07	4.8	1
10150	249	7.53	5.2	1
10160	238	12.31	4.69	0
10160	245	10.37	6.62	1
10160	246	10.17	5.63	1
10160	247	7.87	3.88	1
10160	248	7.89	4.77	1
10160	249	8.49	5.3	1
10170	238	12.31	4.67	0
10170	245	11.32	6.57	1
10170	246	11.09	5.64	1
10170	247	8.72	3.95	1
10170	248	8.73	4.88	1
10170	249	9.39	5.3	1
10180	238	12.31	4.62	0
10180	245	12.15	6.55	1
10180	246	12.02	5.67	1
10180	247	9.5	4.05	1
10180	248	9.45	5.01	1
10180	249	10.28	5.3	1
10190	238	12.31	4.62	2
10190	245	12.97	6.24	0
10190	246	12.79	5.51	0
10190	247	10.25	4.13	1
10190	248	10.17	5.38	1
10190	249	11.2	5.45	1
10200	238	12.31	4.62	2
10200	245	13.23	6.08	0
10200	246	13.63	5.39	0
10200	247	10.9	4.38	1
10200	248	11.01	5.67	1
10200	249	12.08	5.65	1
10200	250	12.87	7.34	0
10200	251	2.92	6.64	1
10200	252	2.39	5.77	1
10200	253	2.61	5.05	1
10210	238	12.31	4.57	2
10210	247	11.43	4.87	1
10210	248	11.79	5.84	1
10210	249	12.75	5.77	1
10210	250	11.86	7.82	0
10210	251	3.98	6.63	1
10210	252	3.45	5.79	1
10210	253	3.74	4.99	1
10220	238	12.37	4.5	2
10220	247	11.89	5.35	1
10220	248	12.36	6.04	1
10220	249	13.09	5.88	1
10220	250	11.01	7.96	0
10220	251	5.02	6.58	1
10220	252	4.55	5.74	1
10220	253	4.87	4.95	1
10220	254	0.54	5.08	0
10220	255	13.59	6.31	0
10220	256	12.51	7.19	0
10230	238	12.51	4.49	2
10230	247	12.28	5.47	1
10230	248	12.76	5.95	1
10230	249	13.13	5.87	1
10230	250	10.24	7.8	0
10230	251	6.31	6.62	1
10230	252	5.61	5.6	1
10230	253	6.02	5.04	1
10230	254	1.81	5.19	0
10230	255	12	6.67	0
10230	256	11.51	7.53	0
